7.653682,7.080707,5.328371,4.760818,4.560224,4.301425,4.091704,3.913992,3.769330,3.771023,3.738944,3.542818,3.269366,3.073429,2.953952,2.889677,2.897539,2.954207,2.968809,2.966259,2.938222,2.897916,2.899701,2.910636,2.930169,2.940960,2.915503,2.868626,2.813249,2.753712,2.695336,2.620463,2.508058,2.391811,2.256415,2.092604,1.944587,1.779763,1.644740,1.560338
6.352803,5.998673,4.961644,3.799349,3.783817,3.500210,3.388212,3.499717,3.455959,4.093209,4.111396,3.654797,2.664200,2.919009,2.483179,2.633009,2.413374,2.471207,2.418418,2.339051,2.392856,2.238661,2.315262,2.166436,2.198804,2.100661,2.048632,2.012340,2.078736,2.293515,2.150380,2.061305,1.904852,1.835563,1.877680,1.767880,1.850301,1.716970,1.797718,1.702901
6.611789,6.295424,5.628275,5.218554,4.922455,4.769581,4.587665,4.459299,4.389473,4.420477,4.308605,4.092189,3.984572,3.877753,3.829738,3.731741,3.716339,3.608032,3.620704,3.498228,3.474668,3.366968,3.372378,3.267048,3.256497,3.153893,3.177221,3.048883,3.067239,2.954038,2.988933,2.867469,2.879275,2.750119,2.784422,2.658509,2.687064,2.552187,2.586279,2.468883
7.099247,6.825950,5.883121,5.353374,5.031672,4.937315,4.799655,4.639893,4.493457,4.396006,4.320980,4.213241,4.142230,4.035897,3.986947,3.906698,3.881684,3.824948,3.738402,3.682827,3.640994,3.578610,3.531491,3.472376,3.433078,3.389390,3.353928,3.301592,3.256299,3.214173,3.174328,3.143846,3.097152,3.062853,3.020129,2.985297,2.945932,2.905511,2.869317,2.840081
7.654389,7.100347,5.794500,5.215621,5.040905,4.836401,4.683615,4.484456,4.421863,4.317560,4.231213,4.112745,4.055418,3.939495,3.890824,3.819220,3.765702,3.709674,3.657987,3.607897,3.523959,3.474233,3.418135,3.385511,3.310349,3.282110,3.221550,3.195127,3.117607,3.109738,3.034400,3.023923,2.941814,2.942001,2.861361,2.860252,2.777584,2.773491,2.699436,2.705225
7.294152,6.821440,5.340571,4.714865,4.428428,4.452176,4.344756,4.099083,3.893369,3.776212,3.760444,3.730696,3.626893,3.491618,3.433409,3.382966,3.407441,3.371675,3.234806,3.175403,3.181762,3.141596,3.096458,3.038123,2.985568,2.977794,2.938986,2.922268,2.885654,2.835192,2.806149,2.789970,2.766728,2.734662,2.695475,2.686491,2.680249,2.648329,2.611250,2.596587
6.494442,5.896523,4.650334,4.222257,3.732245,3.458053,3.661003,3.457480,3.209627,3.311552,3.059503,3.057415,3.117478,2.892986,2.694050,2.681028,2.624782,2.577786,2.545301,2.462743,2.411627,2.446248,2.313774,2.321956,2.292565,2.197297,2.189688,2.153956,2.104113,2.090615,2.087361,2.051667,2.027594,2.003288,1.939676,1.931322,1.929866,1.888112,1.874449,1.860465
6.375206,6.183619,5.515430,4.671130,4.399997,4.182043,3.684707,3.815064,3.683374,3.474984,3.406710,3.187705,3.183480,3.012245,2.938842,3.058573,2.866323,2.846049,2.866070,2.785313,2.754293,2.606110,2.513784,2.520052,2.494570,2.442662,2.467121,2.444095,2.394074,2.280694,2.302099,2.317458,2.212907,2.223633,2.196562,2.206350,2.145250,2.107514,2.125282,2.069059
7.000382,6.559735,5.545153,4.667767,4.145616,4.133832,3.976751,3.738184,3.559560,3.539672,3.349489,3.384818,3.334406,3.088496,3.024834,2.998589,2.887234,2.778104,2.763830,2.744405,2.744741,2.706422,2.628314,2.608716,2.516458,2.465976,2.484378,2.439881,2.391547,2.375890,2.354751,2.314306,2.271102,2.254080,2.239507,2.225074,2.199040,2.178108,2.156441,2.121747
7.144899,6.624126,5.432432,4.658605,4.180967,4.027323,3.703880,3.620488,3.419601,2.908754,3.224788,2.961316,2.754986,2.649748,2.667010,2.821668,2.358397,2.396299,2.639696,2.341321,2.252745,2.249132,2.075840,2.122400,2.024981,1.976760,1.985193,1.998222,2.111378,1.835075,1.898011,1.954879,1.819515,1.875726,1.780876,1.850895,1.757977,1.696955,1.736792,1.658695
6.207529,5.782874,4.676079,4.185929,3.743366,3.751949,3.501862,3.224661,2.777604,2.768426,2.777706,2.752275,2.324868,2.207291,2.344499,2.336292,2.194234,1.900657,1.946941,2.113791,2.031803,1.796347,1.506460,1.642054,1.366990,1.481899,1.612383,1.593154,1.579135,1.422056,1.316029,1.396444,1.425763,1.442263,1.411184,1.274971,1.234581,1.301363,1.236660,1.187208
6.161203,5.755075,4.637103,4.283354,3.927808,3.772433,3.435542,3.129027,3.007464,3.019708,2.848395,2.476428,2.084843,2.279676,2.274695,2.363288,2.211017,1.978003,1.847568,1.979456,1.978749,1.759476,1.668378,1.541439,1.573762,1.515750,1.752665,1.773127,1.413429,1.427071,1.420170,1.377356,1.298112,1.319948,1.264320,1.156193,1.140137,1.222239,1.114619,1.062236
5.244462,5.005341,4.656371,4.451505,4.139608,3.485119,3.507795,3.338526,2.935242,2.954975,2.807541,2.476847,2.537909,2.489122,2.248005,2.269451,2.129750,2.024923,1.946354,1.824543,1.782168,1.834089,1.771879,1.767856,1.680048,1.621344,1.636869,1.553321,1.214413,0.823997,0.920774,0.937955,0.967698,0.773159,0.542006,0.654227,0.535607,0.422619,0.404141,0.500594
5.478164,5.504089,5.241264,5.229919,5.088046,4.686381,4.528109,4.419801,3.973132,3.355879,3.172993,2.726616,3.156270,3.349913,3.330995,3.405606,3.371377,3.229416,3.151805,3.100482,2.968752,2.781223,2.776572,2.712532,2.606612,2.507543,2.572083,2.614845,2.545399,2.529181,2.556993,2.580679,2.585622,2.542943,2.500196,2.442494,2.365992,2.354425,2.271077,2.192396
6.956142,6.687444,5.688515,5.357660,5.076837,4.683912,4.515211,4.398263,4.187914,3.892240,3.606720,3.601290,3.502899,3.417580,3.217428,3.044947,3.002235,2.780907,2.706583,2.724093,2.461901,2.371999,2.121466,2.121226,2.333021,2.106344,1.989747,2.011006,1.848362,1.841805,1.943212,1.743178,1.827772,1.866670,1.705425,1.526057,1.651774,1.582247,1.521914,1.513171
7.264488,6.822747,5.651151,5.361544,5.106913,4.755600,4.549319,4.408698,4.209536,3.901941,3.691825,3.666701,3.485018,3.366254,3.234891,3.104357,3.039714,2.903475,2.801668,2.655911,2.526626,2.516376,2.415922,2.372112,2.338676,2.166948,2.217106,2.164214,1.958966,2.021095,2.068312,2.027643,1.994841,1.967228,1.830512,1.819407,1.816116,1.731856,1.657525,1.664364
7.178773,6.688401,5.214542,4.802121,4.799907,4.437300,4.218391,4.141376,3.812931,3.479554,3.547819,3.385985,3.290497,3.352513,3.252575,2.990305,3.064234,3.081596,2.917461,2.916222,2.752265,2.790765,2.842582,2.767670,2.834148,2.679033,2.499167,2.656339,2.486196,2.476663,2.546742,2.474564,2.381772,2.411988,2.401615,2.339358,2.360303,2.342994,2.276134,2.259916
6.961554,6.392187,5.124287,4.679857,4.678045,4.707948,4.300386,3.748570,3.828763,3.771618,3.122344,2.756002,3.098687,3.172924,2.938959,2.739926,2.949590,2.888911,2.611621,2.675576,2.670681,2.507394,2.560326,2.618997,2.477165,2.390057,2.349148,2.355478,2.317266,2.294044,2.258803,2.233317,2.188553,2.111823,2.143373,2.146476,2.113715,2.053714,2.066509,2.051807
6.881803,6.288363,5.351715,5.142697,4.584815,4.391198,4.208281,3.875493,3.493897,3.765901,3.659036,3.338188,3.255229,3.246254,3.236651,2.845878,3.014068,3.072251,3.002714,2.967829,2.633361,2.556114,2.544496,2.467086,2.482737,2.482454,2.532041,2.447402,2.305665,2.369420,2.324958,2.313494,2.328782,2.278872,2.275312,2.231022,2.198718,2.153386,2.142154,2.124538
5.984550,5.681515,5.056183,4.947278,4.751354,4.489315,4.048621,3.762688,3.583803,3.511033,3.369125,3.148144,3.073425,3.057818,2.740092,2.743785,2.781155,2.601046,2.527265,2.486616,2.334658,2.188235,2.059126,1.974893,1.944550,1.873521,1.828302,1.792743,1.634660,1.674680,1.730519,1.623356,1.509595,1.384647,1.388673,1.349182,1.400874,1.363583,1.300611,1.302084
5.451552,5.189363,4.919321,4.736833,4.498001,4.174301,3.945510,3.470858,3.286801,3.346079,3.312126,3.128690,2.976729,2.889155,2.703117,2.682844,2.513141,2.465307,2.499294,2.343976,2.127698,1.984123,1.823471,1.622238,1.365013,1.497025,1.370042,0.869084,1.215593,0.979794,1.002271,1.048108,0.662835,0.599746,0.283309,0.169591,0.333655,0.256238,-0.010166,0.045784
5.031389,5.090293,4.947010,4.571913,4.273796,4.077974,3.762273,3.180149,3.252680,3.114578,3.041358,2.856706,2.589085,2.600811,2.684583,2.527213,2.279217,2.183160,2.193533,1.784146,1.598233,1.791491,1.578531,1.419928,1.453541,1.464774,1.299267,0.822273,0.920546,0.990308,0.858658,0.599123,0.489393,0.543345,0.582066,0.512743,0.386016,0.435802,0.379297,0.403791
5.616405,5.319247,4.978610,4.792481,4.459923,4.136470,3.833838,3.774967,3.564422,2.774509,2.987045,2.846324,2.401186,2.388344,2.245280,2.540172,2.421839,2.090354,1.990545,1.748114,1.751134,1.682286,1.649378,1.463927,1.273886,1.368289,1.298995,1.194269,1.178104,1.093449,1.065873,0.982522,0.967469,0.980748,0.967058,0.878922,0.857846,0.881827,0.868591,0.858968
6.055764,5.656802,5.030440,4.837051,4.618469,4.238974,3.967610,3.885890,3.671645,3.229873,3.027957,3.035144,2.791236,2.656030,2.380133,2.500779,2.509704,2.394841,2.226305,1.996576,1.905383,1.781534,1.779822,1.664546,1.597581,1.498350,1.545856,1.608203,1.505799,1.386174,1.366099,1.329571,1.343591,1.371081,1.314997,1.294995,1.305251,1.249038,1.201321,1.202690
6.793928,6.628725,5.907373,5.178514,5.062954,4.882349,4.686687,4.455078,4.230219,3.969686,3.799974,3.781137,3.685086,3.597068,3.455665,3.408228,3.268254,3.097343,3.060004,2.911473,2.750227,2.683891,2.477517,2.458899,2.498076,2.328188,2.316006,2.326104,2.216200,2.134441,2.065968,2.011655,2.056365,1.947233,1.838810,1.972933,1.894322,1.716012,1.834779,1.769489
7.232506,6.872148,5.832843,5.136620,5.016042,4.766568,4.648187,4.491839,4.206583,3.964647,3.769115,3.802724,3.808213,3.692941,3.443475,3.367391,3.303002,3.197935,3.137790,2.985240,2.838291,2.782956,2.778233,2.676071,2.570683,2.422080,2.413694,2.471567,2.442468,2.360760,2.203961,2.136473,2.228094,2.239461,2.173694,2.086400,1.973699,2.021758,2.099159,2.070771
7.330010,6.911101,5.774669,5.057353,4.957487,4.759577,4.637559,4.398699,4.102632,4.016293,3.784706,3.706274,3.694890,3.600616,3.448157,3.379422,3.180541,3.052886,3.043986,2.869235,2.792019,2.654783,2.415507,2.363725,2.391657,2.135043,2.227704,2.104887,1.919722,2.024975,1.869895,1.609136,1.836609,1.572305,1.357101,1.694300,1.477232,1.194181,1.545704,1.277754
6.927835,6.330980,4.559027,4.698762,4.358855,4.302643,4.189196,3.816871,3.788772,3.593480,3.378192,3.304463,2.976005,3.092244,2.834976,2.778205,2.643557,2.550749,2.659612,2.559144,2.556666,2.309609,2.326380,2.282749,2.180672,2.261361,2.142831,2.042784,2.087210,1.928109,1.928305,1.908763,1.874625,1.814375,1.813247,1.777295,1.790959,1.761120,1.712484,1.658127
6.880518,6.326596,4.921011,4.555342,4.514527,4.353429,4.072322,4.066169,3.699673,3.488133,3.584687,3.231254,3.027595,3.197702,2.959225,2.831589,3.081300,2.811482,2.692818,2.876688,2.599828,2.543909,2.735408,2.554173,2.424699,2.578737,2.450009,2.359611,2.481184,2.345398,2.252558,2.354944,2.292843,2.169297,2.226085,2.219227,2.097731,2.154701,2.160819,2.041891
5.501352,5.218800,4.701445,4.544518,4.342505,4.286555,4.071565,3.769750,3.517262,3.312243,3.149873,2.893285,2.582467,2.465447,2.409010,2.246556,2.200031,2.065815,2.048451,1.924302,1.848212,1.566016,1.534329,1.567804,1.509844,1.538680,1.441467,1.413999,1.216068,1.067237,1.118983,1.218122,1.150771,1.201439,1.069514,0.945868,1.007616,1.023935,0.994079,0.922561
5.330806,4.992541,4.524396,4.372645,4.262531,4.079945,3.808113,3.605630,3.365428,3.069404,2.955330,2.599415,2.452512,2.296722,2.173603,1.921513,1.970127,1.871715,1.700876,1.589400,1.325063,1.450560,1.187045,0.818687,0.717751,1.010403,0.753850,0.713408,0.799978,0.606191,0.756112,0.678549,0.644929,0.545368,0.575827,0.448030,0.446166,0.429872,0.368914,0.421869
5.616375,5.224714,4.804035,4.595260,4.348875,4.096546,3.869461,3.708534,3.441848,3.190107,2.938896,2.659907,2.602810,2.375680,2.140013,1.931435,2.028236,1.954110,1.892688,1.691888,1.241729,1.266506,1.315719,1.183131,1.154004,0.879621,0.961138,0.892028,0.946728,0.888166,0.621683,0.751684,0.689326,0.446489,0.474655,0.480247,0.484261,0.416400,0.302545,0.318287
5.148137,5.094635,4.958079,4.849601,4.534288,4.001710,3.797683,3.430345,3.112751,3.046070,2.896640,2.767479,2.322314,2.307070,1.973669,1.807576,1.889382,1.980080,1.844334,1.626752,1.386715,1.348067,1.220123,1.377578,1.402237,1.066327,0.970604,1.097385,1.041011,0.762123,0.793712,0.583712,0.531419,0.630373,0.528540,0.411564,0.440633,0.375141,0.399394,0.435199
5.433995,5.270594,5.070218,4.845630,4.538456,3.976461,3.728285,3.303796,3.255769,3.162074,2.920147,2.692151,2.335631,2.281921,2.128039,1.927575,1.811442,1.811329,1.832660,1.534012,1.099584,1.475583,1.588865,1.266433,1.290411,1.192226,1.141850,0.982667,0.809696,0.847142,0.691233,0.707432,0.521042,0.429167,0.399315,0.358000,0.357312,0.297896,0.311540,0.320332
5.734027,5.346957,4.940788,4.742714,4.588569,3.952817,3.864078,3.400324,3.251894,2.998091,2.997131,3.052486,2.600953,2.170556,2.360639,2.279026,1.936740,1.991426,2.154735,1.905915,1.615491,1.701703,1.626751,1.627167,1.714526,1.421443,1.155762,1.285227,1.358286,1.145996,1.112650,1.048882,1.065499,1.182029,1.075685,0.989881,0.946854,0.948450,0.951088,0.925997
5.097816,4.701969,4.153105,4.145169,4.149438,3.940679,3.661490,3.668365,3.545237,3.404127,3.199152,2.962897,2.743327,2.514707,2.720182,2.733736,2.380928,2.064674,2.066584,2.013599,1.848359,1.736862,1.707875,1.664519,1.494928,1.075531,1.580853,1.620157,0.960071,1.042481,0.976832,0.664123,0.457549,0.522642,0.543469,0.450907,0.587329,0.089726,-0.060917,-0.011588
5.819536,5.408728,4.881894,4.631280,4.261717,4.046330,3.936909,3.699409,3.576037,3.598423,3.502710,3.303247,3.080099,2.584917,2.755151,2.755826,2.678373,2.558934,2.228081,2.285849,2.157814,2.041160,1.957056,1.850606,1.591500,1.312069,1.676161,1.655658,1.409633,1.161076,1.213345,1.235116,0.980787,0.725256,0.759214,0.653507,0.635557,0.634043,0.469086,0.428320
5.816473,5.546324,5.180933,4.886285,4.285225,4.292959,4.300476,4.007616,3.829483,3.775114,3.618959,3.436368,3.260168,3.013646,2.899342,2.883122,2.646245,2.631892,2.440817,2.390869,2.416288,2.254277,2.107608,2.121016,2.119359,1.863230,1.944481,2.007386,1.718928,1.733313,1.705124,1.666686,1.617877,1.558074,1.569836,1.474289,1.508268,1.466385,1.457477,1.474451
5.580099,5.667942,5.356990,5.057768,4.669626,4.618103,4.321803,4.027913,3.878798,3.764964,3.637106,3.540255,3.302492,3.114891,2.917509,2.805940,2.485573,2.617520,2.547207,2.322655,1.944433,2.236113,2.167728,2.179522,2.129017,2.029067,2.201002,2.192171,2.080013,1.885681,1.783654,1.788888,1.753124,1.700172,1.569862,1.515467,1.418014,1.316386,1.241110,1.132889
5.670587,5.726320,5.326307,4.964514,4.625040,4.696254,4.361822,3.874291,3.806444,3.772191,3.661647,3.532982,3.279222,3.204169,2.953722,2.712770,2.342959,2.478626,2.353406,2.302627,2.159353,2.202458,2.143583,2.138910,2.104801,2.095418,2.171072,2.156830,2.091182,1.907514,1.747702,1.759825,1.713869,1.647558,1.472463,1.345798,1.232642,1.073186,1.046879,0.949180
5.761665,5.802345,5.538174,5.064701,5.016576,5.071841,4.855019,4.293705,3.913353,3.927879,3.835370,3.611572,3.490862,3.425334,3.194561,3.042972,3.043249,2.767770,2.610270,2.649691,2.561566,2.580033,2.528080,2.121712,2.041619,2.026821,1.869340,2.088962,2.231552,2.000764,1.891487,1.929641,1.870482,1.818762,1.748629,1.482242,1.478009,1.497329,1.280040,1.254047
5.922237,5.842391,5.592938,5.205834,5.067704,5.053710,4.865471,4.284812,3.791855,3.620056,3.504746,3.390847,3.511379,3.329235,3.074659,2.927398,2.917512,2.628736,2.533380,2.549120,2.480990,2.456119,2.313773,2.122146,2.013171,1.887147,1.682588,1.881639,1.836394,1.561200,1.145399,1.010698,1.138274,1.235649,1.170209,1.071464,1.078212,1.206838,1.169151,0.958098
5.988209,5.988532,5.816605,5.458685,5.134721,5.069961,4.690693,4.157380,3.864743,3.699574,3.619076,3.231668,3.277155,3.379642,3.059213,2.957166,3.046810,2.752978,2.700027,2.507046,2.421287,2.468092,2.448189,1.863457,1.734049,1.885072,1.699066,1.972845,2.110847,1.745576,1.275544,1.354756,1.174627,1.512451,1.595821,1.420764,1.516306,1.514237,1.102597,1.152335
6.209549,5.995846,5.626204,5.301831,4.872339,4.711938,4.433486,4.106034,3.801781,3.672681,3.566871,3.303079,3.087907,3.069861,3.135115,2.959627,2.806723,2.725226,2.522988,2.076074,1.931479,1.835867,2.001243,2.035440,1.975752,1.867901,1.373749,0.942868,0.745188,1.140050,1.306386,1.320493,1.300310,1.149284,0.909300,0.406496,0.313078,0.649840,0.779298,0.790798
6.015468,5.883884,5.528903,5.172442,4.722948,4.600544,4.425048,4.115199,3.858514,3.718353,3.599634,3.281867,3.115951,3.200639,3.333619,3.123563,2.930307,2.827591,2.800812,2.589422,2.385207,2.281141,2.170786,2.164408,2.211437,2.109374,1.758033,1.673020,1.724458,1.628825,1.498613,1.170172,1.020873,0.969152,1.036401,0.822253,0.595933,0.489008,0.392006,0.242039
5.754947,5.402591,4.463045,4.339104,4.184028,4.164704,4.111986,3.878939,3.660361,3.337422,3.152162,3.016156,3.098315,3.076657,3.217605,3.107108,2.878071,2.681776,2.729105,2.611933,2.381539,2.293796,2.171402,2.167718,2.274444,2.180109,1.944789,1.828361,1.827132,1.688019,1.603380,1.455134,1.303734,1.278609,1.345134,1.216878,1.108116,1.067538,1.015850,0.991423
6.217819,5.921230,5.380652,4.607332,3.954908,3.600593,3.724411,3.665491,3.565410,3.234956,3.132151,3.065501,2.961600,2.790214,2.729685,2.609418,2.756071,2.611840,2.311437,2.295478,2.263018,2.162263,1.993866,1.920558,1.874077,1.795844,1.687135,1.642057,1.667631,1.525398,1.443558,1.508344,1.266991,1.081562,1.028725,0.955520,0.843814,0.912856,0.902322,0.850331
6.342500,6.026353,5.495014,4.949964,4.355651,3.905114,4.005235,4.051523,3.633790,3.500664,3.346526,3.182092,2.847315,2.746909,2.683896,2.662907,2.486198,2.147533,2.054913,1.867774,1.691714,1.542370,1.718925,1.645091,1.460350,1.212667,1.315496,1.091279,1.043595,1.091773,0.914919,0.808803,0.526078,0.567483,0.452009,0.269643,0.355004,0.318226,0.151633,0.159356
6.402381,6.101261,5.521535,5.038593,4.434988,4.241893,4.194633,4.217478,3.721894,3.666177,3.560650,3.245507,2.831080,2.829123,2.721792,2.706126,2.489620,2.244746,2.189429,1.862502,1.789362,1.647269,1.617616,1.601239,1.556533,1.181555,1.304954,1.341960,1.089224,1.075091,0.866403,0.561373,0.622871,0.659637,0.451022,0.286839,0.338195,0.020464,-0.043837,0.122958
6.458543,6.280163,5.450862,4.868450,4.478874,4.291355,4.295821,4.231370,3.811866,3.758654,3.509237,3.156050,2.772574,2.546127,2.682542,2.795734,2.582438,2.082645,2.267784,2.444087,2.521483,2.478090,2.195654,2.070679,1.376914,1.447711,1.516890,1.959134,1.860724,0.988478,1.246441,1.221006,1.150647,1.319706,1.245378,1.112740,1.375702,1.285934,0.737572,0.743232
6.477540,6.299488,5.354367,4.650509,4.501697,4.329950,4.143867,3.766871,3.684220,3.513182,3.233506,2.855531,2.723029,2.489578,2.777495,2.760521,2.541556,2.269094,2.324432,2.600917,2.714846,2.574012,2.336378,2.273534,2.165427,1.781137,1.801064,1.926804,1.908831,1.791990,1.497019,1.308963,1.268372,1.285978,1.177673,1.252165,1.353796,1.060724,0.739429,0.682074
6.423073,6.220729,5.381072,4.868567,4.520472,4.309253,4.076296,3.706846,3.788266,3.520972,3.189592,2.939419,2.822019,2.631461,2.860706,2.839818,2.627549,2.240974,2.328530,2.632729,2.750486,2.589668,2.517861,2.390719,2.345578,1.948655,2.017620,2.108780,2.061966,1.852919,1.501396,1.418761,1.383338,1.463508,1.223393,1.245290,1.334792,1.195629,0.903514,0.591791
5.285596,5.118102,4.959729,4.887086,4.511372,4.246911,3.950585,3.869535,3.503773,3.263733,3.075170,2.992482,2.806362,2.725965,2.563427,2.724526,2.742021,2.486583,2.538096,2.601634,2.525940,2.468005,2.428300,2.331296,2.273933,2.309304,2.092315,2.073082,1.969250,1.756844,1.680990,1.668845,1.594465,1.583450,1.363022,1.409993,1.460044,1.158426,1.141308,1.339885
5.111752,5.057986,4.749644,4.522418,4.103497,3.963331,3.564648,3.475298,3.355774,2.991334,2.825218,2.751608,2.683864,2.593001,2.634183,2.669626,2.577679,2.578890,2.577704,2.408072,2.303804,2.301867,2.172002,2.259170,2.303836,2.173865,2.047344,1.954773,1.802426,1.470462,1.331089,1.207290,1.335935,1.464983,1.299346,1.095668,1.170377,0.929487,0.683029,0.658728
5.230876,5.423853,5.258077,4.716379,4.257184,3.981543,4.038614,4.327072,4.192672,3.607064,3.187429,3.123257,2.956781,3.001990,3.133622,3.105368,3.179537,2.921413,2.654295,2.640099,2.340211,2.505026,2.422145,2.271173,2.481445,2.556981,2.442340,2.061969,1.928454,1.623712,1.759167,1.768343,1.829041,1.840619,1.668419,1.581994,1.596784,1.524381,1.474597,1.413124
6.791863,6.591092,5.830941,5.503649,5.294679,4.991660,4.916694,4.816075,4.355785,3.927453,3.735082,3.655484,3.393002,3.151072,3.156781,3.204983,3.009792,2.872246,3.000980,2.925810,2.476571,2.532967,2.403982,2.444230,2.642126,2.601669,2.454782,2.224840,2.077573,2.103806,2.231528,2.135268,2.079739,1.924812,1.831133,1.927433,1.741144,1.706810,1.693753,1.661793
6.916060,6.648783,5.961165,5.604090,5.340851,5.063022,4.891189,4.806928,4.386466,3.964080,3.801547,3.690016,3.281810,3.155947,3.207344,3.135871,3.012243,2.862822,2.836175,2.754925,2.407760,2.464625,2.370406,2.200603,2.403259,2.477883,2.436501,1.958617,2.125256,2.145832,2.132915,2.101461,1.914844,1.721588,1.767718,1.721648,1.585490,1.536944,1.595335,1.562665
6.735072,6.673156,6.105110,5.591111,4.873577,4.680685,4.505218,4.494825,4.078162,3.689331,3.712231,3.520026,3.449473,3.158620,2.669561,2.441421,2.844478,2.820778,2.743322,2.810052,2.528384,2.355002,2.241833,2.284938,2.466179,2.218601,2.061258,1.926199,1.648267,1.865227,2.083550,2.194362,2.280406,2.133318,1.951730,1.791799,1.714084,1.803626,1.843037,1.806620
6.338089,6.245278,5.803391,5.191061,4.536684,4.533781,4.394146,4.105279,3.775550,3.486180,3.074681,3.034728,3.098306,2.930088,2.662921,2.643141,2.695759,2.655933,2.500148,2.362783,2.309804,2.267270,2.315390,2.130151,2.074905,2.123997,2.089717,1.999385,1.958230,1.961389,1.922742,1.916313,1.878959,1.809150,1.791082,1.783234,1.760848,1.767990,1.747691,1.690989
6.309515,5.933486,5.258278,4.926289,4.601207,4.493767,4.159020,3.664069,3.638102,3.608082,3.258649,2.823768,2.832877,2.934990,2.697516,2.509171,2.540576,2.522160,2.280202,2.214468,1.945100,2.023102,2.121271,2.060382,1.967153,1.796964,1.780587,1.658258,1.707157,1.578791,1.576733,1.576089,1.636351,1.633882,1.610272,1.596140,1.566642,1.559922,1.502710,1.431743
5.661063,5.449176,5.148718,4.678342,4.565306,4.426451,4.178608,3.822111,3.629024,3.458852,3.088069,2.827736,2.724903,2.811568,2.717375,2.509698,2.325335,1.842657,1.926366,1.903276,1.668060,1.683058,1.790079,1.657504,1.640966,1.452183,1.284421,1.396231,1.389939,1.243776,1.260485,1.197388,1.144934,1.060707,1.013194,1.057492,1.024652,0.980138,1.012091,0.952117
5.597208,5.451002,5.032727,4.646580,4.529767,4.283291,3.935756,3.749387,3.512832,3.268070,2.989209,2.867097,2.676192,2.514431,2.390507,2.310295,2.171770,1.934757,1.823195,1.663308,1.513660,1.404903,1.458913,1.339210,1.120116,0.827677,0.693615,0.824046,0.797074,0.667486,0.579976,0.364658,0.189908,-0.175792,-0.452549,-0.542525,-0.563877,-0.652523,-0.837804,-1.042665
5.574097,5.546584,5.053439,4.722144,4.740445,4.493859,4.309479,4.138369,3.917112,3.709142,3.663442,3.677499,3.536568,3.373729,2.754820,2.860963,2.910568,2.678283,2.316815,2.186296,2.133263,1.843168,1.771204,1.761962,1.518470,1.402461,1.398587,1.238263,1.102880,1.065179,0.873804,0.926582,0.808569,0.796557,1.018696,0.748012,0.514846,0.592390,0.480069,0.541252
5.476290,5.195961,4.673948,4.474433,4.652922,4.467640,4.241339,4.041836,3.906820,3.719477,3.663053,3.735293,3.664944,3.588733,3.201548,2.961048,2.982361,2.787487,2.671213,2.562498,2.332708,2.387116,2.239763,2.285441,2.221238,1.949342,2.153499,1.951825,1.971143,1.873061,1.678709,1.826955,1.706611,1.780014,1.745258,1.604349,1.657964,1.584863,1.604446,1.567918
6.304260,6.129605,5.139885,4.466249,4.419074,4.369284,4.155487,4.079923,3.950313,3.488397,3.591438,3.686175,3.606907,3.503078,3.038625,2.909698,2.895415,2.708677,2.518203,2.333549,2.358944,2.098587,1.877937,1.801510,1.769134,1.692149,1.652891,1.460235,1.117163,1.160455,1.048028,0.986559,0.859816,0.917652,0.982598,0.778785,0.577657,0.384165,0.468902,0.479947
6.779903,6.518804,5.785211,5.009221,4.549581,4.430561,4.122236,3.931936,3.755924,3.403778,3.333216,3.286698,2.980458,2.693243,2.577832,2.646653,2.306091,2.211513,2.098584,1.947426,2.164718,2.021920,2.070938,2.021521,1.998153,2.023954,1.857854,1.792182,1.561344,1.613210,1.586658,1.399177,1.446601,1.393720,1.400221,1.381683,1.316276,1.288210,1.240444,1.248529
6.698352,6.458690,5.783840,5.040995,4.446430,4.354055,4.118376,4.026537,3.871272,3.530193,3.393302,3.324781,3.099472,2.879371,2.853483,2.648524,2.622819,2.721902,2.674718,2.450445,2.387741,2.453220,2.397001,2.279856,2.240167,2.203894,2.212192,2.182370,2.113944,2.033392,2.058196,2.086388,2.039893,1.991456,1.915310,1.904305,1.920253,1.888714,1.876129,1.839487
6.487255,6.336194,5.625304,4.683306,4.269166,4.091690,3.765453,3.683836,3.428612,2.969117,2.963406,2.798272,2.535378,2.297090,2.304312,2.216992,2.152697,1.800812,1.549604,1.293469,1.156652,1.001007,1.102146,1.104843,1.027462,1.241317,1.338710,1.028100,0.709169,0.576096,0.486353,0.386248,0.208215,0.345709,0.331029,0.178732,-0.070844,0.017229,-0.303408,-0.388139
5.625592,5.403721,4.988543,4.592735,4.411054,3.925745,3.662109,3.635889,3.499897,3.666105,3.634853,3.439018,3.180890,3.143848,3.084387,3.009626,3.104431,2.999170,2.688822,2.707640,2.536806,2.330881,2.363006,2.363689,2.123182,2.146094,2.058662,1.758530,1.786436,1.740437,1.662745,1.697519,1.628199,1.577503,1.672505,1.593621,1.476783,1.600863,1.567925,1.442481
5.328173,5.163811,4.900186,4.559877,4.327083,3.975994,3.758587,3.797631,3.670052,3.579606,3.549527,3.408713,3.147986,2.998465,3.087341,3.054359,3.019144,2.883655,2.705225,2.635060,2.350436,2.239430,2.262552,2.146391,2.127191,2.068390,1.770437,1.519253,1.330325,1.458092,1.499650,1.232259,1.206735,1.214625,1.238496,1.267604,1.184954,1.195175,1.199225,1.203774
5.067764,4.920207,4.580801,4.459799,4.191536,3.680359,3.868487,3.824515,3.530202,3.578946,3.632279,3.467464,3.097488,3.087739,3.112518,3.000370,3.049045,2.918020,2.641588,2.673961,2.410264,2.005279,2.205463,2.248359,1.970502,1.926221,1.833491,0.981208,1.176436,1.184655,0.754778,1.026991,0.939087,0.678891,1.187846,1.007087,0.451253,1.124965,1.082421,0.493818
5.021227,4.820014,4.183818,4.139716,3.928283,3.573895,3.580680,3.448991,3.239542,3.130188,3.048018,2.898755,2.805966,2.815970,2.734026,2.570653,2.117738,1.962682,1.931229,1.854231,1.741883,1.498217,1.218953,1.367374,1.406353,1.268342,0.852866,0.721563,0.657816,0.343755,0.485879,0.325015,0.356531,0.349910,0.164530,0.119816,0.047895,-0.141757,-0.260075,-0.313598
5.261246,5.065012,4.761772,4.766844,4.260517,3.709000,3.776211,3.803663,3.679802,3.338736,3.060871,3.252354,3.128828,2.885369,2.658466,2.587069,2.244172,2.043137,2.116856,2.139480,1.867095,1.584106,1.720515,1.436534,1.243830,1.279200,1.317883,0.929285,0.761385,0.966399,0.965707,0.720600,0.713090,0.689975,0.500312,0.510732,0.484485,0.487334,0.483933,0.452748
6.054855,5.670615,5.055868,4.856975,4.662789,3.935883,4.001736,3.904552,3.862904,3.508111,3.046757,3.222594,3.148329,2.913290,2.501335,2.466232,2.119429,2.071489,2.067510,1.958431,1.924742,1.740552,1.478872,1.221172,1.407707,1.301739,1.147938,1.259419,1.158135,1.066243,1.129078,0.994880,0.960448,0.905950,0.808660,0.841388,0.874441,0.834036,0.774516,0.752867
6.069657,5.729004,5.086202,4.975411,4.707819,4.078140,4.078891,3.987008,3.880267,3.530625,3.077214,3.125253,3.009042,2.643145,2.502404,2.378583,2.264883,2.116532,2.290504,2.205335,1.925524,1.960195,1.810834,1.640584,1.329845,1.382017,1.406395,1.133481,1.038765,1.168809,0.909302,0.667352,0.547871,0.657841,0.655815,0.430002,0.418196,0.458841,0.448104,0.450205
5.756907,5.519326,4.976942,4.738481,4.595090,4.185584,4.039870,3.727378,3.559475,3.320523,2.945118,2.715125,2.483706,2.383940,2.218928,2.186547,2.182770,2.134078,2.026280,2.013155,1.987902,1.930555,1.744202,1.604271,1.348227,1.382189,1.215084,1.090579,0.982309,0.926298,0.679971,0.452921,0.572199,0.467750,0.332170,0.352942,0.346573,0.208315,0.160609,0.185568
5.278293,5.307987,4.973028,4.632978,4.554426,4.262839,3.989184,3.799444,3.544569,3.501124,3.267069,3.178240,3.036968,2.809543,2.313898,2.247694,2.353450,2.385590,2.030239,2.067312,2.229904,2.086890,2.065871,1.781871,1.633487,1.715340,1.332234,1.490381,1.271505,0.920604,1.217773,0.994009,1.077870,1.062289,0.817089,0.964418,0.846583,0.807707,0.821836,0.746518
5.232624,5.228890,4.982140,4.486479,4.359664,4.098811,4.019125,3.746277,3.474583,3.518093,3.302467,3.283501,3.133101,2.827976,2.306333,2.343932,2.577039,2.407626,1.971273,2.151499,2.201857,1.935035,1.761787,1.657135,1.683209,1.743549,1.622678,1.408023,1.471868,1.547957,1.449685,1.359649,1.372201,1.327663,1.275599,1.230952,1.242754,1.224083,1.185774,1.166433
5.128175,5.240825,5.036864,4.555887,4.335012,4.226343,3.972882,3.622231,3.179613,3.283627,3.092602,2.894380,2.892127,2.652461,1.846951,2.022019,2.230502,1.985935,1.690891,1.718064,1.737941,1.443388,0.982685,1.082474,1.095149,0.978320,0.896116,0.578371,0.574315,0.517356,0.245304,0.175822,0.116082,-0.188781,-0.236673,-0.186617,-0.236866,-0.338790,-0.199458,-0.332147
5.184938,5.214542,4.845386,4.560326,4.477527,4.083949,3.710168,3.531624,3.397723,2.993008,2.938633,2.821394,2.712495,2.316713,2.155589,2.079760,2.086028,1.940496,1.678348,1.493088,1.363448,1.075223,0.975716,1.066991,0.862535,0.514433,0.450546,0.648449,0.400229,0.273006,-0.076069,0.176833,0.096479,-0.074383,-0.042627,-0.158748,-0.266369,-0.127134,-0.274841,-0.336144
5.498368,5.294539,4.839689,4.637113,4.457293,3.928635,3.636917,3.571024,3.384880,3.087440,2.918376,2.809585,2.751123,2.575538,2.291210,2.039168,2.142956,2.039863,1.780909,1.811939,1.803270,1.531177,1.509343,1.468124,1.375865,1.240162,1.210486,1.212482,1.197632,1.115489,1.087684,1.093124,1.022976,0.949837,0.941684,0.895811,0.893470,0.849388,0.833686,0.855097
5.535253,5.305435,4.839737,4.671081,4.473266,3.977937,3.690685,3.656033,3.230231,2.949350,2.877617,2.850574,2.678928,2.437903,2.107698,2.056114,1.996024,1.632406,1.611551,1.633009,1.489226,1.239751,1.139707,1.188816,1.015555,1.022893,0.851886,0.696871,0.591208,0.737658,0.804439,0.535112,0.398013,0.405503,0.358434,0.311025,0.303968,0.261928,0.286233,0.251329
5.281445,4.997763,4.759128,4.494987,4.037098,3.655128,3.624351,3.491641,2.887041,2.727176,2.612324,2.423488,2.084185,1.925818,1.599462,1.714728,1.503320,1.457540,1.594749,1.654395,1.385300,1.342620,1.114379,1.172301,1.017735,0.879548,0.650672,0.535576,0.582163,0.571657,0.466448,0.338818,0.377697,0.234775,0.138940,0.097891,0.072259,0.011371,0.010106,-0.018583
5.075067,4.904734,4.790499,4.651231,4.436613,4.246945,3.907111,3.579495,3.347799,3.011449,2.755158,2.689522,2.449660,1.783115,1.721791,1.572935,1.426920,1.496958,1.511255,1.427160,1.578691,1.349067,0.883759,1.043797,0.862836,0.625850,0.596964,0.307721,0.330309,0.395897,0.466476,0.329203,0.282025,0.241824,0.117533,0.100243,0.088512,-0.162398,-0.097523,-0.033466
5.095559,5.049446,4.937058,4.661463,4.518943,4.483225,4.190877,3.838307,3.570934,3.299300,3.147976,3.076329,2.714024,2.179174,1.909803,2.133217,2.374870,2.219120,1.832080,1.732628,1.793612,1.942424,1.642418,0.936659,0.926866,1.013623,1.090644,1.054055,0.968142,0.524221,0.156670,0.767061,0.938094,0.722148,0.463518,0.189528,0.298387,0.388634,0.382385,0.322424
4.838348,5.330752,5.336860,5.037919,4.799050,4.757126,4.462946,4.178574,3.837300,3.629755,3.529283,3.343167,3.099739,2.829848,2.434076,2.271579,2.618760,2.590361,2.352091,2.193519,2.289094,2.307317,2.235554,1.979503,2.023839,1.626519,1.456257,1.523697,1.370251,1.095595,1.059050,1.299481,1.400748,1.212889,1.012907,1.072767,1.076072,0.914443,0.873797,0.967869
5.963564,6.403465,6.414972,6.109304,6.065112,5.696547,4.935481,4.548838,4.704806,4.704067,4.736353,4.655107,4.121758,3.940802,3.320290,3.156430,3.467405,3.667326,3.617257,3.374083,3.454663,3.323098,3.243292,3.339798,3.276895,3.165473,3.033695,2.828240,2.680192,2.494135,2.549074,2.568601,2.672155,2.666126,2.692661,2.722605,2.511761,2.513218,2.288857,2.281950
7.055817,6.960541,6.710555,6.274318,6.130683,5.939093,5.447719,5.057832,4.961607,4.995499,4.824701,4.548297,4.218181,4.085037,3.855621,3.358981,3.645332,3.580825,3.518391,3.349585,3.427272,3.365932,3.352289,3.381938,3.255107,3.008015,2.751774,2.513068,2.380505,2.425950,2.175414,2.329878,2.330409,2.329017,2.285671,2.248916,2.055274,1.882272,1.741469,1.535092
7.192897,7.155877,6.853942,6.403809,6.151638,5.969811,5.478215,5.289921,5.226245,5.129053,4.831731,4.588768,4.306757,4.161187,3.939348,3.569672,3.668645,3.578945,3.539326,3.381268,3.481337,3.365497,3.295031,3.405611,3.231989,2.987346,2.799987,2.578905,2.539951,2.529803,2.232555,2.256038,2.308508,2.249711,2.453669,2.523045,2.411434,2.409551,2.317906,2.139416
7.080250,6.953724,6.447127,6.216132,5.748721,5.516213,5.219281,5.132831,5.110932,4.815010,4.431550,4.085667,3.894399,3.897174,3.665966,3.504143,3.271868,3.378709,3.597517,3.368580,3.033535,2.857505,3.106136,3.203437,2.841672,2.482466,2.694623,2.919110,2.935111,2.744880,2.374909,2.358660,2.564536,2.569840,2.541610,2.534439,2.595671,2.549081,2.477345,2.459764
6.949257,6.762076,6.223620,5.875574,5.283652,4.846449,4.983277,4.945115,4.832818,4.324266,3.764781,3.845704,3.771354,3.485659,3.374933,3.199055,3.205131,3.099108,3.098678,2.991781,3.028853,2.715078,2.741227,2.715226,2.174324,2.174122,2.503615,2.373886,2.172432,2.013954,2.112937,2.095780,1.708281,1.942550,2.259452,2.209609,1.909534,1.959774,2.190172,2.231831
5.615040,5.214503,4.869000,4.775583,4.570632,4.431305,4.440981,4.363229,4.093095,3.717477,3.447522,3.544865,3.476232,3.116915,3.069306,2.938438,2.837230,2.840408,2.886081,2.602888,2.403387,2.180735,2.332830,2.186329,2.039600,2.004254,1.883877,1.824533,1.649564,1.883275,1.946442,1.826925,1.520174,1.427532,1.519921,1.529778,1.354884,1.177021,1.004844,1.048591
5.882334,5.325068,4.615416,4.598414,4.004472,3.944677,4.150991,4.069477,3.903330,3.452826,3.293630,3.432065,3.281678,2.932736,2.752477,2.458026,2.446414,2.725043,2.787662,2.405444,2.238050,1.997111,2.033959,1.894054,1.682508,1.857879,1.818138,1.568763,1.533360,1.498567,1.482179,1.340372,1.263754,1.149502,1.060724,1.027663,1.038691,0.932225,0.963653,0.976120
5.815937,5.242826,3.765891,3.408748,3.167556,2.982434,2.831428,2.703637,2.592764,2.494809,2.407062,2.327597,2.254991,2.188166,2.126281,2.068669,2.014793,1.964210,1.916554,1.871519,1.828843,1.788304,1.749710,1.712895,1.677714,1.644037,1.611753,1.580761,1.550971,1.522305,1.494689,1.468058,1.442355,1.417525,1.393519,1.370294,1.347808,1.326024,1.304908,1.284428
5.289790,4.719724,3.248118,2.887531,2.645277,2.459673,2.308404,2.180454,2.069476,1.971450,1.883651,1.804147,1.731513,1.664665,1.602762,1.545137,1.491249,1.440657,1.392994,1.347952,1.305271,1.264729,1.226132,1.189314,1.154130,1.120452,1.088167,1.057174,1.027385,0.998718,0.971102,0.944472,0.918769,0.893939,0.869935,0.846711,0.824226,0.802444,0.781329,0.760851
4.509617,3.948619,2.477539,2.104864,1.858766,1.671399,1.519165,1.390628,1.279268,1.180977,1.092990,1.013347,0.940608,0.873680,0.811716,0.754042,0.700117,0.649495,0.601809,0.556750,0.514056,0.473504,0.434901,0.398080,0.362895,0.329218,0.296935,0.265946,0.236162,0.207502,0.179894,0.153273,0.127580,0.102761,0.078768,0.055556,0.033085,0.011316,-0.009784,-0.030248
3.509275,2.944775,1.048423,0.559925,0.267032,0.055981,-0.109841,-0.246837,-0.363768,-0.465874,-0.556543,-0.638101,-0.712215,-0.780123,-0.842771,-0.900899,-0.955097,-1.005845,-1.053535,-1.098497,-1.141007,-1.181301,-1.219579,-1.256018,-1.290768,-1.323963,-1.355720,-1.386144,-1.415327,-1.443352,-1.470293,-1.496218,-1.521188,-1.545257,-1.568477,-1.590893,-1.612546,-1.633477,-1.653720,-1.673309
5.165600,5.263205,4.921114,4.427534,4.082526,3.759065,3.939205,3.849243,3.408454,3.374238,3.386338,3.417879,3.354903,2.911223,2.974771,3.176973,3.065425,2.931030,2.725136,2.732921,2.965520,2.822557,2.497687,2.612003,2.637114,2.717716,2.621611,2.184765,2.463434,2.584627,2.461574,2.384035,2.157915,2.303334,2.484513,2.267954,2.074463,2.190740,2.205906,2.305158
5.806132,5.437568,4.926560,4.493001,3.975635,3.841434,3.935700,3.829382,3.507620,3.264812,3.399091,3.462818,3.300178,2.982533,2.968284,3.140640,3.127064,2.897008,2.664338,2.808374,2.932329,2.835762,2.562124,2.498768,2.688969,2.733732,2.560993,2.310839,2.413612,2.571501,2.530081,2.300899,2.166221,2.349633,2.440186,2.318244,2.076224,2.101573,2.278172,2.289258
5.713754,5.399904,4.897524,4.474401,3.989617,3.837381,3.917019,3.820103,3.483278,3.302294,3.379350,3.444347,3.295081,2.970497,2.986255,3.119092,3.112451,2.889301,2.677341,2.802350,2.911054,2.829974,2.545449,2.522673,2.670561,2.712495,2.565700,2.291248,2.427166,2.550130,2.511856,2.309187,2.159517,2.346285,2.418533,2.310431,2.073703,2.107428,2.263286,2.266413
5.692541,5.101568,3.478675,3.144064,2.893723,2.713877,2.561552,2.433443,2.324198,2.224668,2.138122,2.058369,1.985369,1.919434,1.856693,1.799633,1.745745,1.694753,1.647743,1.602157,1.559747,1.519333,1.480340,1.444023,1.408483,1.374902,1.342818,1.311454,1.282048,1.253163,1.225529,1.199137,1.173102,1.148556,1.124441,1.101123,1.078886,1.056822,1.035902,1.015397
5.820820,5.233233,3.507246,3.281360,2.995830,2.833888,2.684871,2.543661,2.452661,2.338151,2.260017,2.180888,2.100591,2.045128,1.973524,1.920779,1.868459,1.811526,1.772033,1.720695,1.680229,1.642191,1.597961,1.567350,1.528116,1.494904,1.465700,1.429707,1.404615,1.373571,1.345216,1.321936,1.291904,1.270493,1.245414,1.220634,1.201516,1.176127,1.157308,1.136773
5.383982,4.811972,3.333349,2.974512,2.732792,2.547430,2.396292,2.268422,2.157497,2.059507,1.971734,1.892249,1.819629,1.752793,1.690899,1.633281,1.579399,1.528812,1.481153,1.436115,1.393437,1.352896,1.314301,1.277486,1.242303,1.208626,1.176342,1.145350,1.115561,1.086894,1.059279,1.032649,1.006946,0.982117,0.958113,0.934889,0.912404,0.890621,0.869507,0.849028
4.676511,4.111630,2.633325,2.264794,2.020018,1.833258,1.681356,1.553021,1.441792,1.343593,1.255670,1.176075,1.103372,1.036472,0.974528,0.916871,0.862958,0.812346,0.764668,0.719615,0.676925,0.636376,0.597775,0.560954,0.525769,0.492091,0.459807,0.428817,0.399030,0.370368,0.342756,0.316132,0.290435,0.265612,0.241615,0.218398,0.195922,0.174148,0.153042,0.132573
6.242685,6.233674,6.021327,5.646145,5.024897,4.638194,4.902637,4.948741,4.727617,4.214489,4.063070,4.375892,4.444991,4.226084,3.725703,3.661688,3.994941,4.062908,3.834474,3.350675,3.319747,3.659376,3.719201,3.496610,3.045398,2.990939,3.325423,3.388222,3.201875,2.784510,2.639696,2.969864,3.069013,2.942987,2.542285,2.242566,2.589044,2.769019,2.700425,2.310650
6.423396,6.292066,6.032144,5.652254,5.077894,4.715717,4.917177,4.949275,4.729668,4.283329,4.136838,4.387936,4.437263,4.232938,3.812380,3.730866,3.997532,4.051897,3.852478,3.439572,3.373068,3.652268,3.713537,3.522344,3.109312,3.023077,3.317692,3.393701,3.219541,2.807768,2.666563,2.976689,3.079955,2.936092,2.542826,2.309026,2.619169,2.766712,2.671185,2.328451
6.403908,6.297024,6.009126,5.609782,4.949324,4.572984,4.896917,4.945930,4.713295,4.120682,3.988745,4.363638,4.449885,4.210033,3.615638,3.572582,3.987562,4.070723,3.810355,3.233484,3.223644,3.660454,3.722324,3.467491,2.935950,2.900360,3.328724,3.381121,3.178215,2.693487,2.551161,2.960549,3.054121,2.932753,2.466062,2.114161,2.547748,2.757710,2.700247,2.234554
4.974223,4.404263,2.938287,2.578286,2.336225,2.150711,1.999492,1.871573,1.760616,1.662604,1.574817,1.495322,1.422694,1.355852,1.293954,1.236333,1.182450,1.131861,1.084202,1.039164,0.996486,0.955947,0.917353,0.880539,0.845358,0.811683,0.779401,0.748412,0.718625,0.689961,0.662349,0.635722,0.610023,0.585197,0.561196,0.537975,0.515494,0.493716,0.472605,0.452130
4.313393,3.749184,2.294358,1.928379,1.684458,1.498100,1.346422,1.218226,1.107090,1.008957,0.921085,0.841529,0.768857,0.701984,0.640063,0.582427,0.528532,0.477938,0.430276,0.385239,0.342565,0.302031,0.263444,0.226639,0.191469,0.157806,0.125537,0.094561,0.064790,0.036143,0.008547,-0.018061,-0.043742,-0.068549,-0.092529,-0.115729,-0.138188,-0.159945,-0.181033,-0.201485
3.279077,2.734760,1.270084,0.876571,0.623576,0.433022,0.279063,0.149505,0.037507,-0.061189,-0.149432,-0.229229,-0.302048,-0.369002,-0.430949,-0.488571,-0.542416,-0.592933,-0.640493,-0.685408,-0.727940,-0.768316,-0.806729,-0.843347,-0.878316,-0.911766,-0.943811,-0.974551,-1.004077,-1.032470,-1.059801,-1.086137,-1.111536,-1.136053,-1.159737,-1.182632,-1.204780,-1.226218,-1.246981,-1.267102
4.132487,4.244614,4.005927,3.726336,3.311136,2.740924,2.547578,2.799072,2.879352,2.759567,2.433220,1.943314,1.989171,2.291550,2.380553,2.261339,1.916967,1.420247,1.621680,1.942572,2.023504,1.887893,1.503246,0.966951,1.323023,1.655966,1.726652,1.571638,1.136741,0.528059,1.057585,1.401404,1.464604,1.294165,0.812299,0.100346,0.813879,1.168833,1.230463,1.054724
5.026519,4.885141,4.629114,4.238129,3.643801,3.279854,3.509160,3.540740,3.308312,2.834441,2.704835,2.981167,3.023864,2.800545,2.344891,2.307699,2.595937,2.636192,2.408908,1.952393,1.962563,2.260127,2.300953,2.073516,1.609328,1.623552,1.937007,1.990086,1.777011,1.312765,1.269318,1.605667,1.688615,1.511717,1.076848,0.904714,1.254356,1.387166,1.269215,0.902817
5.075333,4.895478,4.614288,4.230325,3.666691,3.323893,3.507891,3.528075,3.298622,2.851461,2.732854,2.980597,3.015578,2.794821,2.357877,2.318418,2.591036,2.630569,2.411591,1.976445,1.963717,2.247349,2.292759,2.081793,1.656269,1.631677,1.917128,1.973089,1.778882,1.370718,1.302711,1.586284,1.661355,1.494118,1.108119,0.965397,1.248447,1.358095,1.232651,0.879323
4.009736,3.593596,2.853358,2.768520,2.724855,2.691450,2.660029,2.627500,2.592447,2.554108,2.512000,2.465771,2.415127,2.359788,2.299470,2.233864,2.162622,2.085346,2.001563,1.910716,1.812128,1.704981,1.588268,1.460756,1.320943,1.167054,0.997197,0.809983,0.606619,0.396880,0.211631,0.107320,0.116863,0.202281,0.308725,0.408098,0.492100,0.560205,0.614183,0.656218
3.767694,3.193369,1.719526,1.364360,1.123791,0.938965,0.788130,0.660456,0.549671,0.451789,0.364106,0.284700,0.212153,0.145385,0.083558,0.026005,-0.027811,-0.078331,-0.125922,-0.170890,-0.213496,-0.253963,-0.292482,-0.329220,-0.364322,-0.397917,-0.430116,-0.461021,-0.490721,-0.519295,-0.546817,-0.573351,-0.598955,-0.623684,-0.647586,-0.670705,-0.693083,-0.714757,-0.735762,-0.756128
3.516023,2.941021,1.463726,1.109083,0.868678,0.683933,0.533152,0.405520,0.294771,0.196924,0.109276,0.029905,-0.042605,-0.109335,-0.171121,-0.228631,-0.282402,-0.332875,-0.380417,-0.425334,-0.467886,-0.508297,-0.546758,-0.583435,-0.618475,-0.652004,-0.684137,-0.714973,-0.744601,-0.773103,-0.800549,-0.827006,-0.852531,-0.877180,-0.900999,-0.924035,-0.946327,-0.967913,-0.988829,-1.009105
3.275851,2.700245,1.219342,0.865129,0.624864,0.440197,0.289473,0.161891,0.051191,-0.046606,-0.134202,-0.213517,-0.285969,-0.352636,-0.414356,-0.471796,-0.525493,-0.575888,-0.623347,-0.668178,-0.710640,-0.750957,-0.789320,-0.825896,-0.860830,-0.894251,-0.926271,-0.956990,-0.986499,-1.014878,-1.042199,-1.068526,-1.093919,-1.118432,-1.142113,-1.165008,-1.187156,-1.208596,-1.229363,-1.249488
4.769628,4.887411,4.804511,4.414071,3.580601,3.156534,3.596320,3.712354,3.516235,2.857467,2.722465,3.101738,3.157548,2.990964,2.428952,2.375338,2.777890,2.769503,2.543430,2.024319,1.971915,2.476371,2.486691,2.165911,1.600389,1.469690,2.121193,2.235983,1.909104,1.211785,0.946262,1.674349,1.948188,1.741179,1.003786,0.633891,1.152147,1.579815,1.570146,1.004208
5.192319,5.092770,4.843068,4.457383,3.885936,3.527075,3.725629,3.758522,3.538857,3.089708,2.935266,3.193878,3.247080,3.046444,2.617874,2.518963,2.798417,2.860201,2.668643,2.250292,2.157806,2.446220,2.517457,2.336887,1.929373,1.812474,2.104468,2.191325,2.028518,1.634612,1.463905,1.757043,1.871171,1.738862,1.368131,1.109803,1.394013,1.552332,1.469440,1.144668
5.219061,5.095048,4.850269,4.451204,3.833490,3.462184,3.718031,3.764783,3.538596,3.039734,2.885995,3.188452,3.248059,3.042691,2.569973,2.478580,2.800245,2.860208,2.657665,2.197485,2.113752,2.454225,2.522960,2.321871,1.867965,1.751975,2.110503,2.205244,2.018419,1.569292,1.381951,1.749736,1.888789,1.741916,1.311486,1.010095,1.365770,1.562266,1.485248,1.111791
4.284309,3.708765,2.225246,1.870673,1.630266,1.445503,1.294695,1.167028,1.056240,0.958347,0.870649,0.791223,0.718651,0.651856,0.589999,0.532414,0.478563,0.428005,0.380374,0.335363,0.292712,0.252198,0.213630,0.176840,0.141685,0.108035,0.075778,0.044814,0.015054,-0.013584,-0.041170,-0.067770,-0.093442,-0.118240,-0.142213,-0.165406,-0.187858,-0.209607,-0.230689,-0.251134
3.949801,3.375170,1.894204,1.538671,1.297976,1.113087,0.962214,0.834512,0.723706,0.625804,0.538104,0.458681,0.386116,0.319331,0.257486,0.199914,0.146079,0.095539,0.047927,0.002937,-0.039692,-0.080182,-0.118726,-0.155489,-0.190618,-0.224239,-0.256467,-0.287401,-0.317130,-0.345735,-0.373288,-0.399853,-0.425491,-0.450253,-0.474189,-0.497344,-0.519758,-0.541468,-0.562509,-0.582914
3.538754,2.965715,1.488628,1.131391,0.890187,0.705079,0.554099,0.426345,0.315516,0.217611,0.129921,0.050519,-0.022018,-0.088769,-0.150573,-0.208098,-0.261883,-0.312369,-0.359922,-0.404850,-0.447412,-0.487833,-0.526303,-0.562990,-0.598039,-0.631577,-0.663719,-0.694564,-0.724202,-0.752712,-0.780168,-0.806634,-0.832168,-0.856826,-0.880655,-0.903700,-0.926002,-0.947598,-0.968524,-0.988810
2.999410,2.429712,0.958395,0.597415,0.355101,0.169535,0.018352,-0.109477,-0.220306,-0.318161,-0.405765,-0.485054,-0.557452,-0.624043,-0.685670,-0.743001,-0.796574,-0.846834,-0.894146,-0.938818,-0.981113,-1.021251,-1.059427,-1.095807,-1.130537,-1.163746,-1.195545,-1.226037,-1.255312,-1.283448,-1.310520,-1.336592,-1.361724,-1.385969,-1.409377,-1.431992,-1.453857,-1.475008,-1.495480,-1.515307
7.029039,6.588141,5.280544,5.122303,4.943077,4.877061,4.700723,4.295809,4.273994,4.194274,4.296177,4.136838,3.902679,3.828161,3.779739,3.912880,3.759084,3.660183,3.526892,3.510705,3.603614,3.480959,3.470385,3.263390,3.276012,3.309406,3.279470,3.294787,3.046795,3.069939,3.031787,3.110464,3.103427,2.883919,2.898970,2.789687,2.936272,2.882485,2.765576,2.754859
7.406505,7.013352,5.525712,5.117149,5.019060,4.867280,4.660408,4.415171,4.287383,4.287546,4.251371,4.151524,3.975309,3.833353,3.853009,3.883788,3.829265,3.651361,3.560791,3.531959,3.585383,3.566516,3.436091,3.323935,3.271653,3.333555,3.329029,3.245925,3.138462,3.046779,3.095684,3.111480,3.065901,2.978403,2.865968,2.885300,2.899771,2.894025,2.828783,2.715935
7.734132,7.187472,5.447156,4.983698,4.999157,4.824856,4.550697,4.325646,4.174917,4.273215,4.182645,4.078644,3.930924,3.737968,3.788390,3.795820,3.795032,3.608025,3.443949,3.418459,3.525877,3.557559,3.329892,3.210688,3.148553,3.268628,3.303504,3.108421,3.034093,2.939255,3.028590,3.034296,2.952812,2.900179,2.727808,2.798961,2.769040,2.807310,2.751602,2.545349
7.175704,6.736234,5.167202,4.817117,4.573887,4.326602,4.210376,3.992997,3.900505,3.831429,3.743317,3.612962,3.521805,3.431839,3.373627,3.386929,3.313848,3.216991,3.177254,3.138916,3.080180,3.106019,3.061764,3.016894,2.990598,2.956448,2.916632,2.879421,2.870188,2.831366,2.804493,2.768810,2.751092,2.716044,2.680263,2.663838,2.643244,2.621992,2.603014,2.573140
6.927754,6.341484,4.919246,4.477775,4.278942,3.995282,3.924929,3.607642,3.593448,3.425472,3.444754,3.324489,3.137496,3.119431,3.099182,2.946586,2.897032,2.868090,2.821617,2.858841,2.717246,2.674433,2.704465,2.616512,2.570672,2.516433,2.520052,2.534996,2.472992,2.390169,2.412366,2.388257,2.330009,2.325940,2.284257,2.287375,2.262717,2.187462,2.193171,2.206683
6.583395,6.026481,4.691901,4.360009,4.375683,3.979712,3.568452,3.563689,3.562622,3.420587,3.152634,3.137178,3.180597,3.012327,2.930354,2.876562,2.836196,2.845843,2.776747,2.655723,2.652708,2.653478,2.545031,2.502228,2.495512,2.440204,2.429282,2.411583,2.347451,2.330937,2.291677,2.247110,2.215044,2.229368,2.192441,2.157529,2.129470,2.118680,2.101989,2.074276
6.047754,5.514948,4.382329,3.930383,3.897673,3.456081,3.314754,3.071175,3.072939,2.957890,2.813962,2.602654,2.547596,2.578481,2.606268,2.508644,2.175888,2.346360,2.395302,2.225990,2.192560,2.032007,2.031749,2.025537,1.912362,1.802124,1.899451,1.840299,1.810915,1.779496,1.725221,1.774327,1.750193,1.664022,1.639580,1.635767,1.614693,1.557673,1.579337,1.573294
5.443891,5.076271,4.295174,3.999897,3.721808,3.303645,3.088171,3.137593,3.137169,3.017080,2.840032,2.751148,2.722703,2.594175,2.432877,2.435716,2.411617,2.325836,2.200833,1.977857,1.950516,2.004606,1.768984,1.669195,1.728383,1.621005,1.488708,1.412012,1.312296,1.319677,1.286359,1.146488,0.894848,0.977920,1.082783,0.983601,0.880347,0.867321,0.886662,0.870462
4.996766,4.767801,4.253396,3.811666,3.414169,3.126127,3.034633,3.024580,2.971734,2.872009,2.830859,2.745227,2.630182,2.507115,2.382868,2.382430,2.350264,2.235577,2.114809,1.971262,1.911207,1.807814,1.576628,1.567380,1.527787,1.359467,1.153974,1.056739,0.969047,0.902774,0.737107,0.588298,0.540511,0.511547,0.369876,0.315418,0.321256,0.253138,0.168851,0.132680
5.122782,4.728570,3.985413,3.630143,3.314278,3.077418,2.968043,2.918632,2.863961,2.797949,2.727593,2.642780,2.530320,2.403153,2.304502,2.254541,2.212929,2.133822,2.006757,1.855684,1.720042,1.616961,1.530655,1.441836,1.337431,1.203812,1.037188,0.867238,0.742481,0.648323,0.514605,0.309768,0.096392,-0.015818,-0.085316,-0.232825,-0.452301,-0.591336,-0.621063,-0.723057
4.652852,4.072079,2.198443,1.788322,1.528277,1.334111,1.178041,1.047126,0.934189,0.834801,0.746020,0.665786,0.592594,0.525315,0.463072,0.405175,0.351068,0.300299,0.252491,0.207332,0.164554,0.123933,0.085273,0.048404,0.013180,-0.020529,-0.052837,-0.083846,-0.113645,-0.142316,-0.169931,-0.196556,-0.222250,-0.247067,-0.271056,-0.294262,-0.316725,-0.338483,-0.359572,-0.380022
