6.707187,6.329810,5.179337,4.112891,3.954186,4.139129,4.034377,3.654504,2.845672,4.856402,4.845711,4.036291,3.040570,2.985935,2.784438,2.612335,2.590385,2.626721,2.612104,2.536632,2.481641,2.472188,2.475558,2.446575,2.397360,2.388701,2.366577,2.289151,2.214881,2.663629,2.593665,2.350528,2.144118,1.978727,1.792247,1.720840,1.699667,1.598804,1.400281,1.208050
5.740471,5.212767,3.657053,2.937562,2.590640,2.375118,2.184378,2.259256,2.740878,3.817789,3.806733,3.247528,2.106193,1.805252,1.550432,1.575431,1.420791,1.428749,1.383037,1.341065,1.255906,1.190313,1.198488,1.118880,1.104737,1.033402,1.017998,0.967897,1.028051,1.554104,1.564773,1.320487,0.882070,0.839717,0.804312,0.747248,0.756934,0.692445,0.715677,0.671575
6.154782,5.982583,5.549634,5.210551,4.902652,4.401236,4.346630,4.160854,4.092197,4.161865,4.085040,3.844181,3.691090,3.474378,3.406478,3.371325,3.301791,3.229497,3.114159,3.034010,2.893301,2.736195,2.664797,2.629254,2.510813,2.485551,2.319671,2.276796,2.130203,2.150058,2.004077,1.815533,1.816992,1.879983,1.699810,1.784686,1.721484,1.791428,1.816884,1.804920
6.576628,6.285817,5.760942,5.384302,5.022088,4.509740,4.430246,4.294762,4.185078,4.147337,4.038101,3.877885,3.721455,3.620413,3.487444,3.488988,3.418297,3.349898,3.241270,3.156071,3.005103,2.910941,2.853670,2.765280,2.723908,2.622844,2.513319,2.466761,2.391106,2.286352,2.309054,2.273175,2.191473,2.173335,2.140301,2.125312,2.122784,2.108927,2.080875,2.084433
6.855910,6.399275,5.738308,5.323486,4.943908,4.524790,4.432451,4.244004,4.157871,4.048400,3.964132,3.823472,3.679209,3.502379,3.408334,3.381304,3.304712,3.212530,3.100785,3.019439,2.906166,2.702879,2.629124,2.581792,2.521417,2.441161,2.319484,2.143578,2.053214,1.974268,1.843776,1.739475,1.668507,1.733897,1.632328,1.690946,1.601552,1.686912,1.663633,1.696220
5.984383,5.607713,4.825823,4.613510,4.474543,4.161276,3.948488,3.744473,3.501985,3.116471,3.038837,2.901525,2.614228,2.256486,2.230276,2.192034,2.189389,1.900433,1.726867,1.873205,1.875291,1.738173,1.552139,1.218301,1.380134,1.510220,1.425568,1.124944,1.121151,1.046941,1.223036,1.183467,0.891963,0.799617,0.786729,0.872245,0.859050,0.681645,0.604823,0.665985
6.092049,5.581621,4.575829,4.554602,4.347505,4.102573,3.957699,3.821689,3.625723,3.322939,3.135727,3.139787,3.032720,2.856668,2.690243,2.446302,2.441438,2.348646,1.941831,2.228930,2.222516,2.109440,2.079455,1.885242,1.972801,2.021338,1.848737,1.858675,1.841676,1.702123,1.794490,1.782695,1.650914,1.662734,1.622657,1.532602,1.530569,1.539895,1.511512,1.500728
6.273370,5.719880,4.794703,4.387423,4.262683,3.950965,3.925622,3.534743,3.558624,3.322090,3.261549,3.201001,2.942063,2.875501,2.642347,2.650903,2.648868,2.590318,2.446748,2.372577,2.314392,2.348987,2.198026,2.161387,2.130405,1.993707,1.928714,1.959286,1.925991,1.880977,1.949730,1.909485,1.845888,1.828973,1.784471,1.753153,1.718720,1.715744,1.679664,1.645004
6.189645,5.683121,4.465622,3.848462,3.835183,3.822168,3.555866,3.491907,3.410642,3.101245,3.018350,2.592262,2.674661,2.911636,2.874299,2.681156,2.600982,2.494958,2.370499,2.451781,2.353765,2.312394,2.301574,2.138087,2.172171,2.157762,2.099777,2.065513,1.974077,1.920697,1.930216,1.958042,1.929909,1.921929,1.894035,1.821470,1.822878,1.818403,1.750337,1.745911
5.883889,5.288293,4.317731,4.025644,3.613993,3.308855,3.266686,3.145232,3.162579,3.055594,2.955406,2.766980,2.660412,2.706013,2.443541,2.249101,2.322034,2.270789,2.108100,2.054444,2.049256,2.063489,1.939185,1.927414,1.903530,1.561388,1.670680,1.724885,1.650079,1.558679,1.564261,1.543178,1.458125,1.495516,1.407205,1.506496,1.497102,1.352094,1.355925,1.329165
5.465199,5.229176,4.750225,4.331309,3.778941,3.473697,3.437812,3.329458,3.100379,2.943100,2.897572,2.795286,2.682138,2.715331,2.456460,2.276226,2.034327,2.066534,2.082856,1.790302,1.923091,1.942067,1.838999,1.563919,1.414689,0.994075,1.132192,1.158677,1.037741,1.101957,0.956166,0.840158,0.788619,0.696242,0.800970,0.966547,1.003847,0.906458,0.678824,0.748019
5.692716,5.332395,4.931597,4.688778,4.218085,3.801840,3.605211,3.607225,3.405714,3.118722,2.868594,2.999701,3.070849,2.905601,2.783336,2.436182,2.276161,2.313267,2.356269,2.092128,2.140053,2.144875,2.120693,2.065070,1.809857,1.825217,1.690317,1.614146,1.780494,1.689513,1.498201,1.526195,1.549811,1.429443,1.638792,1.605655,1.434112,1.422765,1.305039,1.365766
5.992082,5.564416,4.939037,4.657046,4.259666,3.745961,3.599007,3.341722,3.056801,3.036728,2.813370,2.821645,2.786955,2.713512,2.429860,2.050865,2.271074,2.066251,1.852118,2.098687,2.045611,2.103587,2.096099,1.704588,1.625159,1.646531,1.199363,1.214439,1.418414,1.285998,1.087516,1.243651,1.067469,0.849956,0.982270,0.941606,1.017594,1.003027,0.772629,0.730342
5.377830,5.265358,4.851802,4.643188,4.257340,4.157698,3.905957,3.488669,3.350787,3.318982,2.759742,2.844944,2.850910,2.690973,2.659524,2.561300,2.503251,2.394489,2.365565,2.311410,2.200470,2.298359,2.100025,1.867808,1.799944,1.829740,1.554304,1.546355,1.546590,1.629846,1.599308,1.670289,1.636207,1.596496,1.614945,1.548426,1.420999,1.314343,1.252128,1.256840
5.865083,5.660693,4.823298,4.421370,4.112959,4.016971,3.846644,3.486975,3.239318,3.132421,2.961844,2.628266,2.526343,2.615108,2.680216,2.517373,2.314802,2.305962,2.294016,2.291078,2.336658,2.272737,2.081409,1.996973,1.867744,1.570391,1.591701,1.419635,1.508673,1.499999,1.364348,1.247650,1.342233,1.275696,1.289903,1.200999,1.196327,1.048608,0.996833,1.044149
6.128400,5.776628,4.803298,4.235208,4.053162,4.122825,4.014468,3.517874,3.272533,3.255885,3.083175,2.732231,2.620736,2.557845,2.538100,2.335444,2.276919,2.264232,2.104382,2.187781,2.327461,2.386852,2.183410,1.820079,1.845463,1.787287,1.544352,1.299231,1.237478,1.131906,1.231120,1.108060,0.812345,0.756262,0.789685,0.654002,0.485679,0.462800,0.599871,0.250392
6.052418,5.586772,4.221909,4.051977,3.946347,3.806261,3.767251,3.416798,3.182355,3.151946,2.969477,2.732985,2.601434,2.567412,2.283583,2.239871,2.309044,1.889689,1.898631,2.269961,2.390353,2.291191,1.826433,1.925167,1.847357,1.842935,1.501721,1.194333,1.322551,1.439754,1.325575,1.158204,1.100033,1.030616,0.875233,0.852966,0.976773,0.888966,0.967791,0.883575
5.963707,5.416070,4.540858,4.087857,3.689925,3.752720,3.584249,3.352021,3.128140,3.121081,3.066588,2.871325,2.865036,2.681652,2.529896,2.543254,1.980733,2.036144,2.309202,2.317396,2.238948,2.384195,2.138659,1.597815,1.770066,1.623856,1.613064,1.731358,1.544497,1.557201,1.656222,1.498959,1.440667,1.326973,1.329191,1.343312,1.364707,1.341862,1.249296,1.246516
5.518475,5.045686,4.249350,4.059946,4.004774,3.468113,3.443634,3.497803,3.394215,3.157764,2.989581,2.923324,2.679946,2.733884,2.558305,2.514344,2.416030,2.504914,2.411694,2.391339,2.323178,2.055470,2.181017,2.098520,1.992388,1.963165,1.817302,1.710247,1.751135,1.594299,1.559564,1.517179,1.477769,1.552923,1.460675,1.272980,1.320708,1.356899,1.308416,1.286110
5.295764,5.080025,4.630714,4.467196,4.155220,3.852937,3.433434,3.512055,3.480901,3.291046,3.023845,2.979580,2.703430,2.691792,2.770653,2.757454,2.611216,2.413139,2.415322,2.193864,2.059664,2.117697,2.059978,1.873869,1.643391,1.672657,1.481663,1.248105,1.343883,1.213663,1.113530,0.956614,0.825336,0.754931,0.668396,0.610737,0.427232,0.583932,0.335670,0.199714
5.417627,5.159027,4.632605,4.404056,4.142670,3.872909,3.448148,3.503209,3.499727,3.368346,3.063432,2.886943,2.533335,2.711320,2.663785,2.626272,2.616874,2.406517,2.404519,2.222336,1.983337,1.963989,1.954313,1.826451,1.669835,1.694278,1.551302,1.154935,1.230165,1.339327,1.166269,0.872463,0.802127,0.666151,0.574829,0.608137,0.514271,0.394777,0.404701,0.442850
5.583332,5.221777,4.656122,4.401815,4.111078,3.848527,3.413763,3.347351,3.209331,3.274894,3.116751,2.932710,2.749749,2.760915,2.398747,2.499847,2.510280,1.919259,2.013315,2.129957,1.829612,1.526035,1.697777,1.830077,1.777589,1.504424,1.132263,1.276793,1.285700,1.071255,1.099770,1.184290,1.102843,0.916547,0.979233,1.010064,0.961657,0.784798,0.833685,0.865062
5.269107,5.023561,4.627465,4.283937,3.856130,3.579619,3.368564,3.269096,3.100306,2.957476,2.867473,2.699763,2.614904,2.272464,2.123327,1.908131,1.834614,1.866716,2.024965,1.816710,1.532466,1.644196,1.612081,1.463318,1.145725,1.168399,1.208522,1.012931,0.984905,0.926673,0.963695,0.891632,0.700582,0.664483,0.603693,0.627588,0.679266,0.538816,0.546028,0.547477
5.009955,4.964602,4.706603,4.338334,3.965510,3.595311,3.436930,3.225307,3.193063,2.951513,2.748386,2.698686,2.564414,2.292153,2.096403,1.658389,1.696777,1.820331,1.828086,1.751548,1.481599,1.410063,1.315830,1.214584,1.000463,0.918887,0.695992,0.472824,0.417437,0.267415,0.411309,0.357015,0.370832,0.322011,0.102372,0.159921,0.081705,-0.035009,-0.080206,-0.119891
5.226234,5.250483,4.944662,4.461845,4.089577,3.528389,3.437011,3.237977,3.180464,3.041205,2.868073,2.594216,2.701157,2.680526,2.388772,2.148915,2.063918,2.322759,2.347508,1.961209,1.855640,1.839319,1.862311,1.670917,1.378157,1.498332,1.330560,1.207949,1.046371,0.921042,0.721661,0.709498,0.737974,0.615503,0.631115,0.786524,0.710258,0.451696,0.642105,0.641182
5.610011,5.360776,4.922339,4.463388,4.084905,3.626119,3.468143,3.292150,3.192424,2.917019,2.840798,2.644896,2.830868,2.741497,2.461111,2.137179,2.216708,2.330461,2.273636,1.915724,1.723165,1.903442,1.899101,1.627308,1.340183,1.341423,1.312046,1.004347,0.948885,0.840710,0.668236,0.560620,0.410501,0.319869,0.422104,0.589611,0.448344,0.300005,0.392302,0.393228
5.683411,5.441263,5.029918,4.492708,4.296761,3.930306,3.791321,3.533063,3.253310,3.086971,2.911476,2.847644,2.799593,2.742418,2.521581,2.221321,2.134139,2.261994,2.256686,1.897972,1.730138,1.916923,1.868704,1.561457,1.404387,1.362539,1.323256,0.996215,0.948651,0.836248,0.596310,0.466468,0.416883,0.186529,0.374344,0.582091,0.410826,0.258327,0.382533,0.275630
5.570856,5.245259,4.983600,4.504724,4.448315,4.202175,3.957778,3.792532,3.255444,3.153115,3.122771,2.860755,2.647520,2.381421,2.360349,2.242405,1.977101,2.043066,1.946639,1.892812,1.991479,1.769646,1.543983,1.518463,1.578682,1.522203,1.379236,1.342650,1.393964,1.366242,1.241358,1.089230,1.174421,1.167656,1.090872,1.026953,1.075400,1.091337,1.017174,0.963064
5.588864,5.271220,4.764062,4.454816,4.318995,4.177157,3.912004,3.612987,3.121562,3.050533,2.970099,2.860550,2.373361,2.135588,2.069956,1.877117,1.663503,1.459926,1.544245,1.337260,1.148842,1.287976,1.159557,0.803169,0.952130,0.811872,0.841028,0.561997,0.662122,0.507231,0.298713,0.394512,0.297271,0.056903,0.225531,0.096768,-0.189933,0.006973,0.074542,-0.211137
5.050552,4.824140,4.476880,4.280460,4.164985,4.015100,3.717323,3.391697,2.982552,2.839015,2.874184,2.690310,2.146323,2.062461,2.009938,1.844902,1.509161,1.543650,1.572246,1.381221,1.128310,1.095953,0.934994,0.567189,0.522145,0.620621,0.606511,0.423747,0.248519,0.327962,0.281825,-0.307676,-0.237209,0.031001,-0.327745,-0.375681,-0.580838,-0.577969,-0.680880,-0.953511
4.747615,4.638612,4.350128,4.040806,3.799682,3.532688,3.304394,3.005312,2.883945,2.649925,2.545678,2.241696,2.167419,2.284022,2.113368,1.964447,1.858081,1.814566,1.695112,1.615334,1.535450,1.038939,0.994614,0.954319,1.017927,1.115412,0.858683,0.773275,0.709603,0.947523,0.979040,0.707914,0.752116,0.800502,0.749197,0.648211,0.626058,0.605631,0.555037,0.557442
4.696835,4.711993,4.497204,4.279604,3.880778,3.569328,3.341126,3.100713,2.880259,2.641605,2.621366,2.585175,2.509938,2.462236,2.206443,2.087888,1.752873,1.569755,1.476524,1.534115,1.469643,1.128747,1.087304,0.984270,1.081443,0.986815,0.587594,0.472364,0.571463,0.487183,0.470907,0.068659,0.101307,-0.090905,-0.117114,-0.102387,-0.443875,-0.306312,-0.545677,-0.620050
5.783801,5.461425,4.973181,4.571840,4.020945,3.748652,3.557106,3.023007,2.895248,3.036913,2.986789,2.666220,2.742354,2.665066,2.208757,2.127791,2.075753,1.966637,1.507994,1.739584,1.819522,1.700657,1.586164,1.732800,1.621485,1.157695,1.023145,1.189180,1.172103,0.937311,0.957103,0.828162,0.862282,0.908915,0.728912,0.754238,0.793151,0.683707,0.639319,0.642692
6.104799,5.780072,5.070662,4.603151,4.087390,3.993681,3.724748,3.278194,3.190911,3.295014,3.178312,2.718181,2.643001,2.591822,2.276957,2.122921,2.031324,1.839941,2.062436,2.007428,1.774797,1.849742,1.785261,1.737265,1.455340,1.427186,1.283078,1.035139,1.120470,1.042589,1.061787,0.956493,0.922210,0.927018,0.859812,0.905209,0.858318,0.663721,0.700494,0.719711
6.567992,6.030833,4.966868,4.079048,3.991513,3.944858,3.870445,3.461961,3.287721,3.349596,3.080527,2.346371,2.544150,2.561268,2.274435,2.104788,2.263258,2.229287,2.110850,2.058556,1.883548,1.897750,1.824422,1.648844,1.529993,1.665859,1.476252,1.320523,1.474480,1.363739,1.399654,1.384241,1.192266,1.137608,1.182465,1.171088,1.069426,1.040668,1.069288,1.007094
6.094327,5.701166,5.016995,4.360406,4.048546,3.993762,3.856685,3.762048,3.542957,3.407519,3.285326,3.094803,2.687543,2.718655,2.954581,2.782489,2.495203,2.264343,2.393296,2.273272,2.163626,1.674312,1.972711,2.007573,1.893605,1.823040,1.845727,1.776260,1.647037,1.523961,1.592270,1.470611,1.314774,1.300570,1.283817,1.357454,1.245765,1.225420,1.088011,1.096889
6.512295,6.012339,4.830176,4.584993,4.436377,4.402157,4.167703,4.032622,3.850381,3.631002,3.568808,3.375862,3.082554,2.875828,3.099839,2.984129,2.706350,2.687307,2.472223,2.566773,2.568765,2.292292,2.289761,2.291788,2.190901,2.139403,2.105743,2.128603,2.062300,1.989515,1.898611,1.924860,1.908739,1.834647,1.751595,1.753815,1.743203,1.700338,1.676881,1.627208
6.359178,5.846466,4.903553,4.846639,4.564038,4.280640,4.151219,4.023935,3.768464,3.718693,3.666770,3.553939,3.305673,3.099885,3.059498,2.911669,2.799552,2.704817,2.608358,2.600783,2.402412,2.299920,2.275880,2.265586,2.119623,2.205048,2.209557,2.038778,2.025433,1.909314,1.910447,1.833591,1.679813,1.678079,1.608990,1.644062,1.608779,1.635776,1.565174,1.534942
6.024285,5.691218,5.148856,5.054156,4.836126,4.577563,4.315637,4.003466,3.774096,3.708757,3.605560,3.480537,3.254951,3.127262,2.953456,2.805497,2.578507,2.561841,2.642621,2.637266,2.505871,2.288228,2.270242,2.195170,2.088075,2.102849,2.138344,2.224185,2.292485,2.159086,1.812922,1.802640,1.799712,1.774252,1.545095,1.469537,1.354983,1.324367,1.329292,1.295498
6.111266,5.713018,5.154226,5.028009,4.781904,4.503712,4.241536,3.697369,3.680858,3.761674,3.719441,3.559238,3.369862,3.167391,2.943282,2.865638,2.699592,2.521966,2.540847,2.662882,2.518617,2.252857,2.193294,2.233043,2.037594,2.010232,2.124086,2.193208,2.231498,2.108130,1.915131,1.904390,1.856066,1.751556,1.515195,1.317483,1.166960,1.175631,1.264594,1.331690
6.472607,6.166687,5.311043,4.858310,4.841212,4.775458,4.776465,4.364223,4.023558,4.056401,3.672414,3.282209,3.109749,2.909897,3.058575,3.091118,2.728149,2.619589,2.556350,2.637821,2.656871,2.522974,2.410984,2.237308,2.004555,1.760086,1.958828,2.106138,2.021809,1.741344,1.153373,1.032535,1.158501,1.177474,1.146218,1.178112,1.027424,1.184135,1.175186,0.958463
6.533637,6.238653,5.531467,5.168308,4.832388,4.792962,4.832733,4.589172,4.242946,3.951756,3.649948,3.434751,3.302360,2.993892,2.994935,2.937766,2.773904,2.613901,2.275151,2.466088,2.647294,2.552387,2.394640,2.207674,1.997896,1.796154,1.924074,1.982498,1.981438,1.854943,1.689313,1.509237,1.503683,1.529075,1.459672,1.452672,1.478664,1.480796,1.430724,1.362936
6.611878,6.251098,5.506893,5.292460,4.963490,4.844711,4.890797,4.564097,4.194335,3.821904,3.538959,3.489284,3.337028,3.077141,3.119949,3.095672,2.693721,2.652006,2.535873,2.452700,2.810566,2.662986,2.338875,2.436636,2.390513,2.077372,2.171364,2.133340,1.961823,2.062504,2.049790,1.886309,1.931652,1.891603,1.773290,1.826538,1.735966,1.739404,1.902358,1.810937
6.374554,6.083341,5.529589,5.168758,4.916119,4.612714,4.510813,4.298493,4.106387,3.525365,3.487422,3.605500,3.351176,2.849636,2.605349,2.649775,2.616801,2.616917,2.639108,2.619440,2.395457,2.074915,1.954871,1.836811,2.011531,1.953372,2.033029,2.044019,1.856632,1.513859,1.304306,1.252368,1.356177,1.385812,1.414914,1.505259,1.478619,1.316716,1.183013,1.111408
6.196428,5.886838,5.409774,5.083875,4.819206,4.580482,4.392754,4.170442,3.988582,3.625886,3.493398,3.467337,3.354594,3.206720,3.130289,3.100976,2.776508,2.752921,2.820627,2.885772,2.727145,2.441024,2.356620,2.305368,2.464801,2.229648,2.025950,1.968206,1.941423,1.920082,1.581806,1.561427,1.403185,1.452561,1.460609,1.317468,1.263658,1.150583,1.157337,1.006100
6.359791,5.849638,5.016636,4.816792,4.274673,4.041368,4.057900,4.049223,3.743337,3.314559,3.412197,3.447553,3.271869,3.169537,3.167434,3.055985,2.760317,2.632699,2.814915,2.837335,2.697554,2.474905,2.348725,2.407153,2.463371,2.233096,1.982831,1.916108,1.958699,1.873057,1.762413,1.666780,1.540339,1.474187,1.456687,1.241691,1.127633,1.195262,1.210871,1.122347
6.132694,6.046711,5.284652,4.914334,4.623974,4.295240,4.286155,4.086144,3.866967,3.587816,3.402430,3.217267,3.317147,3.276810,3.040192,2.760688,2.772735,2.701484,2.663170,2.429597,2.510923,2.496861,2.153266,2.253269,2.145586,2.135873,1.897113,2.020034,1.915659,1.738592,1.797521,1.605396,1.646600,1.548987,1.545613,1.560244,1.467068,1.338369,1.468963,1.446886
6.565545,6.281395,5.535499,4.835965,4.609927,4.199325,4.148804,4.004744,3.777347,3.578412,3.477412,3.223296,3.220500,3.094831,2.967135,2.609770,2.421522,2.326199,2.250116,2.053687,2.155522,2.114725,1.925696,1.832864,1.651488,1.641996,1.612754,1.535315,1.449913,1.348147,1.232614,1.219621,1.192580,1.177668,1.172995,1.094174,1.039522,0.977342,0.914689,0.866061
6.586918,6.315861,5.624474,4.864337,4.477692,4.233702,4.146570,3.995492,3.829413,3.686472,3.547208,3.286866,3.249042,3.159960,3.025495,2.780656,2.381049,2.343095,2.296080,2.086800,2.135812,2.144668,1.973471,1.833490,1.844296,1.715121,1.658488,1.684053,1.432959,1.349080,1.348282,1.253836,1.235653,1.281681,1.175186,1.137035,1.140993,0.955633,0.965942,0.998494
6.125423,5.884061,5.287428,4.424719,4.238619,3.965180,3.590436,3.518536,3.467396,3.611247,3.494548,3.152375,3.111513,2.763865,2.894257,3.013525,2.917246,2.604676,2.687889,2.714584,2.514462,2.290331,2.456982,2.375045,2.126129,2.038552,2.233269,2.489339,2.318496,1.813050,2.084489,1.939428,1.755421,1.871807,1.785194,1.783090,1.932742,1.882756,1.687428,1.687576
6.273683,5.845880,4.983049,4.236060,4.093903,3.908476,3.632318,3.468034,3.366039,3.357430,3.148513,2.758917,2.717395,2.602713,2.739273,2.748042,2.576920,2.591416,2.535407,2.443117,2.485548,2.481954,2.306325,1.961839,2.159374,2.007373,2.225920,2.235585,2.148081,1.734225,1.715603,1.528957,1.236511,0.935079,0.927324,1.159091,1.253135,1.276049,0.985498,0.590137
5.683474,5.542148,4.897815,4.192389,4.245269,4.034066,3.736518,3.544646,3.426143,3.286543,3.206693,2.854893,2.957355,2.777931,2.755870,2.764535,2.815740,2.781434,2.638984,2.675817,2.737753,2.567243,2.515103,2.399734,2.354470,2.230010,2.354952,2.368534,2.303580,1.891207,1.773674,1.647450,1.478598,1.256521,1.419129,1.564075,1.522633,1.555094,1.163477,1.092914
5.235557,5.116794,4.834906,4.420964,4.270589,4.132874,3.929524,3.669897,3.370522,3.271382,3.077459,2.722496,2.706236,2.522958,2.472006,2.724387,2.747532,2.545362,2.626912,2.665338,2.664977,2.469495,2.394152,2.335686,2.412215,2.366039,2.067111,1.967464,1.776121,1.663792,1.661507,1.524315,1.526948,1.430949,1.143717,1.012628,1.177863,1.083516,1.100566,1.165900
5.196291,5.112709,4.773738,4.194220,4.114911,4.044959,3.914809,3.511284,3.216451,3.069637,2.821111,2.701172,2.632764,2.404042,2.398353,2.562193,2.616893,2.554612,2.488206,2.582754,2.493992,2.060191,2.019446,2.220497,2.341952,2.230244,2.148245,2.104844,1.818854,1.476221,1.526771,1.315143,1.251596,1.318561,1.259853,1.027834,1.053693,0.984895,0.832297,0.601310
5.026906,4.987079,4.687865,4.385061,4.171170,4.033024,4.243895,4.363611,4.158219,3.655305,3.264464,2.899534,2.648733,2.732096,3.031786,3.048215,3.047551,2.977918,2.676941,2.514391,2.242411,2.265644,2.032704,2.005760,2.202171,2.420655,2.323669,2.042041,1.716696,1.531802,1.529071,1.327926,1.322677,1.243995,1.183167,1.157125,1.129496,1.045800,0.939984,0.711029
6.473583,6.317501,5.672590,4.860263,4.006447,4.115597,4.493160,4.560836,4.387974,3.848409,3.546486,3.317611,2.959226,3.007323,3.168135,3.141412,3.207497,3.145874,2.969450,2.514326,2.465853,2.403541,2.328370,2.187081,2.244502,2.459415,2.443107,2.378412,2.298295,2.066816,1.960409,1.818124,1.675946,1.832337,1.832460,1.705250,1.741680,1.634179,1.578212,1.615995
6.590370,6.365744,5.692619,4.829667,4.139733,4.089736,4.505898,4.597586,4.417986,3.816544,3.516546,3.263320,2.610878,2.815148,3.063589,3.082282,3.115088,3.042661,2.836989,2.248370,2.230270,2.140419,2.030154,1.793716,1.993842,2.219644,2.145747,1.993875,1.974118,1.796799,1.763251,1.578939,1.338665,1.396890,1.461670,1.493274,1.448942,1.273956,1.150733,1.339835
6.507818,6.348862,5.446363,4.745921,4.235917,4.154946,4.158131,3.930043,3.868563,3.589782,3.337152,2.753575,2.582807,2.550220,2.334732,2.522643,2.486440,2.352834,2.188920,2.175962,1.934012,1.584241,1.432702,1.210287,1.411036,1.824842,1.785281,1.766514,1.723590,1.177153,1.083602,0.999023,0.933829,1.102380,1.175682,1.224219,1.207546,1.078250,0.982365,0.864526
5.483435,5.212248,4.792991,4.498512,4.239018,4.094514,3.928288,3.450541,3.318411,3.331919,3.186743,3.036685,2.738565,2.598055,2.387327,2.317348,1.968742,1.957963,2.078433,1.955725,1.902908,2.170267,2.093505,1.875320,1.819701,1.777612,1.772918,1.732787,1.757446,1.590155,1.477494,1.605644,1.608180,1.501395,1.542530,1.517675,1.429467,1.396563,1.392250,1.378469
4.944296,4.876364,4.718365,4.412943,4.006408,3.900087,3.787203,3.456588,3.195341,3.104758,2.950097,2.794530,2.528752,2.295798,2.044688,1.922855,1.580224,1.502140,1.284413,1.532938,1.503186,1.326339,1.097069,0.916749,0.672639,0.631225,0.304977,0.549168,0.558817,0.379039,0.481906,0.131070,-0.212946,-0.148474,-0.206804,-0.428991,-0.346453,-0.503270,-0.648779,-0.292468
5.056128,5.004649,4.741691,4.338108,3.958961,3.822473,3.537406,3.434680,2.942737,2.706641,2.783273,2.844583,2.513157,2.336785,1.768052,1.919898,1.906545,1.621102,1.251799,1.424484,1.518274,1.291787,1.074062,0.927344,0.709022,0.693384,0.515678,0.215534,0.348213,0.222921,0.195893,-0.141674,-0.400323,-0.458469,-0.557171,-0.595317,-0.767736,-0.887066,-0.927594,-0.806822
5.129509,4.942114,4.671801,4.284503,4.065742,3.956236,3.510962,3.154260,2.956908,2.887269,2.739904,2.776982,2.534555,2.320293,2.155595,2.207229,1.980052,1.599367,1.500553,1.429919,1.335616,1.215723,1.147443,0.806099,0.714442,0.649561,0.639223,0.346380,0.294896,0.284491,0.394574,0.113449,0.063525,0.132423,-0.014759,-0.130572,-0.236536,-0.167728,-0.169043,-0.222976
5.361301,5.189662,4.917660,4.362194,4.358959,4.227563,4.052203,3.885663,3.822656,3.679713,3.597141,3.671862,3.548628,3.283318,2.544021,2.754427,2.891665,2.519926,2.032650,2.187648,2.124911,1.661558,1.679004,1.612535,1.532872,1.385905,1.230186,1.125224,0.887710,0.639407,0.598181,0.573527,0.421389,0.617820,0.738101,0.329711,-0.435012,-0.666117,-0.367221,-0.232277
5.085937,4.994806,4.646401,4.206877,4.219538,4.163607,4.050127,3.931238,3.860592,3.739548,3.633505,3.663674,3.635426,3.574324,3.157127,3.011805,2.860314,2.646005,2.492035,2.452332,2.479020,2.039305,1.773195,1.834560,1.847482,1.754466,1.366579,1.301350,1.139106,1.251252,1.201729,0.965943,1.050907,0.962009,0.834521,0.594981,0.163328,0.282925,0.165939,0.228702
5.142155,5.130602,4.918493,4.337648,4.342475,4.167633,4.029908,4.012311,3.889506,3.746646,3.663872,3.644585,3.634910,3.568753,3.205740,3.053711,2.946168,2.664326,2.479198,2.504488,2.468332,1.994728,1.813105,1.906677,1.899621,1.749467,1.328280,1.310077,1.294251,1.221371,1.013102,0.887099,0.972944,0.930417,0.733107,0.299699,0.034031,-0.034545,-0.145844,-0.342588
5.913624,5.612201,5.059932,4.528841,4.382131,4.041667,3.834722,3.610392,3.435729,3.375806,3.119612,2.527955,2.694940,2.763540,2.882800,2.780799,2.608471,2.363298,2.187584,2.179194,2.063894,1.958845,1.539692,1.640182,1.760752,1.567960,1.350056,1.276576,1.371320,1.262819,1.011785,1.146859,1.071431,0.972036,0.930680,0.811132,0.762132,0.624779,0.643633,0.615331
5.903085,5.640432,5.077782,4.540767,4.354579,3.988319,3.828283,3.666844,3.468216,3.298069,2.929775,2.677536,2.648308,2.662832,2.517334,2.279994,2.147290,1.952158,1.939185,1.675347,1.447029,1.604935,1.586058,1.400797,1.141043,1.197169,1.215959,1.209730,1.051793,0.977177,0.887477,0.785731,0.767952,0.689548,0.682870,0.628267,0.465355,0.526027,0.511267,0.466867
5.793281,5.597867,4.607458,4.356559,4.290823,3.918564,3.657977,3.478522,3.261679,3.125642,2.949012,2.841276,2.493475,2.663404,2.413730,2.259060,2.228291,2.033359,1.934467,1.602440,1.374324,1.560666,1.422263,1.342406,1.162662,1.145084,0.747739,0.931771,1.039500,0.771402,0.264059,0.579769,0.754533,0.361729,0.093231,0.459787,0.247506,0.177933,-0.040136,-0.019318
5.295192,5.158675,4.677460,4.508080,4.069337,3.857464,3.709533,3.501069,3.360196,3.604435,3.687931,3.692047,3.424993,3.065018,2.983028,3.036407,2.974774,2.925083,2.716959,2.596953,2.487070,2.478972,2.410196,2.183009,2.132061,1.976361,1.518857,1.435200,1.162568,0.826083,1.006752,0.848296,0.599410,0.741329,0.810436,0.856614,0.831869,0.642637,0.767254,0.968742
5.287819,5.128962,4.639249,4.548266,4.028562,3.824259,3.561383,3.508719,3.409777,3.566722,3.681700,3.673896,3.376249,3.032058,3.013141,3.016337,2.976150,2.920754,2.681029,2.597029,2.492501,2.450224,2.392400,2.174322,2.086410,1.904486,1.594757,1.389549,1.157034,0.984955,0.979627,0.778019,0.378152,0.510269,0.700606,0.690583,0.622323,0.599574,0.681520,0.784449
5.079861,5.104252,4.777046,4.522251,3.921149,3.753872,3.656711,3.486203,3.478594,3.509607,3.647904,3.640200,3.388676,3.104791,3.109537,3.096233,3.004764,2.908004,2.737049,2.595191,2.434124,2.455770,2.381586,2.172529,2.117103,1.968289,1.526314,1.288141,1.151647,1.148072,1.146880,0.697968,0.564555,0.646862,0.502178,0.731357,0.788076,0.498509,0.686784,0.952796
4.995503,4.887527,4.552267,4.236181,3.811885,3.567567,3.342673,3.044335,2.958232,2.879585,2.828716,2.543896,2.613800,2.681445,2.736160,2.635031,2.292436,2.069801,1.953283,1.770341,1.553769,1.561858,1.442044,1.308205,0.944462,0.795947,0.757178,0.638172,0.760118,0.758707,0.629081,0.438360,0.252470,0.006736,-0.028806,-0.159144,-0.197618,-0.448805,-0.669778,-0.745249
5.974662,5.813599,5.247167,4.651698,4.281658,4.049216,3.448115,3.238857,3.062526,2.938111,2.827345,2.687660,2.578678,2.499193,2.612971,2.529520,2.238664,1.771734,1.769889,1.663772,1.692280,1.559031,1.655492,1.562863,0.984141,0.899641,1.026332,0.702163,0.870924,0.823522,0.617054,0.404046,0.515384,0.256954,0.069160,-0.230836,0.133698,0.051137,-0.053092,-0.053900
6.134019,5.914667,5.295877,4.737495,4.342495,4.143110,3.921580,3.505182,3.182990,2.925915,2.771483,2.683027,2.487363,2.642486,2.457430,2.157116,2.042469,1.837429,1.941577,1.788052,1.651018,1.646857,1.633103,1.531740,1.328669,1.295378,1.177009,1.176922,1.133212,0.991687,1.029813,1.003542,0.919100,0.884214,0.853911,0.898608,0.865728,0.781005,0.738699,0.742920
6.334499,6.015810,5.433832,4.741894,4.519681,4.164479,3.922955,3.628438,3.340847,2.831773,2.655182,2.669640,2.359714,2.573165,2.460488,2.352700,2.123478,2.114653,2.152838,2.216523,2.199429,2.006900,1.813089,1.730241,1.600948,1.246215,1.118740,1.111294,1.126633,1.081475,0.764057,0.709333,0.562515,0.379777,0.246282,0.063380,-0.044788,-0.045115,-0.444739,-0.467623
5.856812,5.630641,5.208907,4.693414,4.292838,3.982048,3.820377,3.593554,3.181170,2.785969,2.632403,2.579613,2.468919,2.508228,2.467091,2.356725,2.124052,2.199683,2.224396,2.308117,2.250142,1.954052,1.838483,1.713506,1.603422,1.333449,1.196011,1.168434,1.187931,1.043533,0.876091,0.814520,0.703999,0.523797,0.516064,0.325911,0.268936,0.185313,0.163104,0.136524
5.844332,5.559869,5.192704,4.753648,4.357218,3.884255,3.681877,3.553711,3.395363,3.180990,2.906496,2.902138,2.850639,2.816024,2.592366,2.420728,2.471184,2.224854,2.316674,2.382439,2.224135,2.161719,1.930945,1.890862,1.802143,1.324488,1.430905,1.176768,1.204184,1.237422,0.721966,0.975286,0.839603,0.669278,0.865078,0.492781,0.581133,0.546661,0.297104,0.500700
5.290029,5.263991,5.017961,4.606197,4.541250,3.751004,3.702773,3.444123,3.267544,3.244263,2.993038,2.983006,2.976879,2.829518,2.504523,2.520154,2.424292,2.076171,2.158944,2.161731,2.008724,1.970703,1.802224,1.779075,1.665004,1.479091,1.377249,1.311743,1.367257,1.249995,1.174593,1.190348,1.120445,1.103898,1.104260,1.048510,1.020935,0.995257,0.983124,0.961877
5.493630,5.364536,5.018077,4.625037,4.472813,3.807381,3.676113,3.425650,3.109895,2.929556,2.455312,2.527873,2.560464,2.338137,2.011731,1.938860,1.814301,1.530348,1.525345,1.416373,1.302426,1.528553,1.507072,1.496046,1.278485,1.077134,1.143032,0.904290,0.782121,0.642997,0.541052,0.540177,0.482123,0.502488,0.413112,0.400705,0.373445,0.289189,0.238575,0.187149
5.530935,5.328531,4.790620,4.371812,4.151089,3.648236,3.278504,3.031758,2.790201,2.442639,2.186770,2.456651,2.308756,1.918992,1.752698,1.891537,1.587698,1.313189,1.027646,1.091502,1.090604,1.173003,1.097904,0.899259,0.590025,0.431201,0.441150,0.201649,0.064408,0.092230,-0.206685,-0.240002,-0.079805,-0.381934,-0.882793,-0.646839,-0.542010,-0.919503,-1.121011,-1.146752
4.927623,5.040647,4.867953,4.325935,4.017336,3.649978,3.427235,3.246823,2.948198,2.841072,2.702306,2.333765,2.340087,2.108080,2.100742,2.174564,2.011760,1.847169,1.714244,1.750006,1.615151,1.647430,1.576566,1.565476,1.568169,1.453682,1.391837,1.355931,1.333896,1.300394,1.253942,1.168099,1.210672,1.174181,1.130540,1.169627,1.093701,1.106206,1.079930,1.010789
5.278141,5.206387,4.892696,4.533620,4.242068,3.718659,3.518047,3.170945,2.907994,2.729358,2.593623,2.380340,2.106309,2.075386,1.644209,1.311341,1.318121,1.393496,1.181150,1.048437,1.201609,1.219787,1.049722,0.828844,0.836799,0.680792,0.533175,0.651676,0.535315,0.385998,0.401666,0.337967,0.363386,0.366596,0.191061,0.152554,0.188033,0.093806,0.013175,-0.016474
5.318755,5.092923,4.852770,4.525029,4.279667,3.580765,3.459607,2.979758,2.704839,2.521712,2.463356,2.256737,1.893877,1.925849,1.746036,1.289093,1.305628,1.477463,1.360235,1.133499,1.311322,1.035222,1.032830,0.912987,0.464182,0.719584,0.578463,0.212669,0.147929,-0.007618,0.328819,0.338663,0.141282,0.162943,0.144664,-0.045451,-0.064744,-0.182662,-0.186369,-0.132936
4.873703,4.757784,4.562148,4.333832,4.128292,3.702281,3.342833,3.072069,2.941568,2.437997,2.332632,2.111239,1.863956,1.779159,1.614192,1.379780,1.093197,1.424996,1.526416,1.280788,0.962026,0.894229,1.011245,0.865276,0.725600,0.676518,0.604477,0.268923,0.345465,0.497289,0.391036,0.382749,0.344665,0.110846,0.086206,0.053537,0.047317,-0.054001,-0.039247,0.001845
4.942597,4.970461,4.635597,4.096248,3.887422,3.581842,3.193764,2.968439,2.842339,2.602311,2.387946,2.473180,2.398017,2.148707,2.045222,2.123521,2.143930,2.175138,1.860526,1.736674,1.848979,1.798372,1.410956,1.151652,1.147113,1.135650,0.820861,0.750355,0.908225,0.693024,0.467353,0.753632,0.609667,0.186240,-0.026858,-0.080630,-0.382881,-0.638946,-0.597284,-0.564498
5.461235,5.438317,4.959333,4.532898,4.412612,4.407357,4.386369,4.067615,3.854877,3.597182,3.599709,3.336946,2.958804,2.893749,2.705299,2.632656,2.657254,2.591661,2.368739,2.396034,2.261244,2.274867,1.956321,1.844887,1.963495,1.671785,1.189148,1.468032,1.319659,1.098128,1.075322,1.139942,1.247088,1.150180,0.948691,0.919725,0.878596,0.707127,0.696459,0.852594
6.008756,6.144627,6.065387,5.568327,5.541360,5.256810,5.044615,4.641111,4.729248,4.524039,4.620052,4.787770,4.493502,3.844915,3.771341,3.668468,3.578318,3.640408,3.578612,3.224237,3.101453,3.223100,3.170153,2.944095,3.241381,3.046890,2.789525,2.714839,2.414480,2.132863,2.857315,2.804687,2.688863,2.664220,2.240615,2.025634,1.985722,2.390995,2.337071,2.404071
7.064530,6.850311,6.615841,6.196056,5.669541,5.625927,5.274006,4.899928,4.926932,4.895785,4.704412,4.880325,4.833374,4.312789,4.045662,4.001972,3.842739,3.715884,3.689811,3.606330,3.521408,3.519490,3.348259,3.200309,3.237137,3.058228,2.983259,3.077503,2.932972,2.411788,2.849797,2.881649,2.848253,2.768497,2.748368,2.544394,2.470157,2.252897,2.323551,2.333725
7.161472,7.096596,6.827922,6.405258,5.703520,5.733315,5.519034,5.308180,5.124430,4.817180,4.866779,5.048834,4.965105,4.503073,4.258658,4.171341,4.056343,3.935781,3.833044,3.664724,3.658420,3.606084,3.438983,3.375232,3.315693,3.106430,3.230714,3.314477,3.171177,2.741276,2.941863,3.085481,3.112201,3.045213,2.913374,2.634144,2.486225,2.409221,2.467565,2.423159
7.291274,7.054285,6.644766,6.399081,5.430506,5.375579,5.310171,5.200047,4.849576,4.376901,4.663041,4.730092,4.650167,4.251187,4.041516,3.877224,4.019604,3.919766,3.511284,3.258975,3.175166,3.374149,3.360101,3.124231,2.909515,2.843555,3.008384,3.156594,3.033927,2.753366,2.718051,2.848338,2.951946,2.923898,2.862017,2.668140,2.428299,2.272902,2.251024,2.169388
7.164951,6.869493,6.244084,5.954361,5.344964,4.679959,5.123610,5.157659,4.700555,4.224260,4.445812,4.562297,4.174825,3.876863,3.738630,3.564156,3.373935,3.249275,3.429095,3.168000,2.584104,3.206532,3.377134,3.187732,3.024055,3.058853,3.195631,3.097893,2.704276,2.482325,2.826038,2.707854,2.244716,2.338025,2.527923,2.462606,2.418398,2.547677,2.654053,2.512630
6.058504,5.553501,4.950864,4.867098,4.588384,4.282862,4.197495,4.260845,4.137811,3.975882,3.515362,3.478762,3.449733,3.383878,3.351963,3.208860,2.889699,2.840935,2.653537,2.497739,2.345254,2.296963,2.430887,2.365809,2.319012,2.274770,2.196288,1.960392,1.697147,1.757598,1.758049,1.636141,1.471509,1.326257,1.339776,1.308836,1.235208,1.038977,0.992020,0.812489
6.369744,5.820072,4.805299,4.693502,4.519489,4.234629,4.026810,4.087557,4.093332,3.871364,3.557582,3.203093,3.393293,3.397638,3.249440,3.224626,2.961433,2.691730,2.397007,2.591374,2.629748,2.388531,2.579431,2.601578,2.438915,2.326401,2.333028,2.255922,2.043334,2.032097,2.068811,2.083606,1.957418,1.931967,1.967112,1.916374,1.819908,1.846872,1.811292,1.779203
6.152650,5.579766,4.102256,3.744740,3.503431,3.318257,3.167221,3.039413,2.928528,2.830565,2.742813,2.663342,2.590733,2.523905,2.462018,2.404404,2.350526,2.299942,2.252285,2.207248,2.164571,2.124032,2.085437,2.048621,2.013439,1.979761,1.947476,1.916484,1.886694,1.858026,1.830410,1.803779,1.778074,1.753244,1.729237,1.706012,1.683525,1.661741,1.640624,1.620143
5.581938,5.012961,3.540700,3.178571,2.935832,2.750007,2.598616,2.470592,2.359566,2.261506,2.173683,2.094160,2.021511,1.954652,1.892740,1.835106,1.781212,1.730614,1.682946,1.637901,1.595216,1.554670,1.516070,1.479249,1.444062,1.410382,1.378094,1.347098,1.317306,1.288637,1.261019,1.234387,1.208682,1.183850,1.159843,1.136617,1.114131,1.092346,1.071229,1.050749
4.672376,4.117100,2.625742,2.241595,1.991680,1.802530,1.649311,1.520170,1.408410,1.309843,1.221655,1.141861,1.069006,1.001986,0.939948,0.882214,0.828238,0.777574,0.729852,0.684762,0.642040,0.601464,0.562839,0.525999,0.490796,0.457102,0.424804,0.393802,0.364004,0.335332,0.307712,0.281080,0.255376,0.230548,0.206545,0.183323,0.160843,0.139065,0.117956,0.097483
4.234474,3.649063,1.871863,1.497045,1.249574,1.061454,0.908779,0.779967,0.668428,0.570017,0.481950,0.402253,0.329479,0.262531,0.200557,0.142882,0.088963,0.038354,-0.009314,-0.054351,-0.097019,-0.137542,-0.176113,-0.212899,-0.248046,-0.281683,-0.313924,-0.344867,-0.374605,-0.403216,-0.430773,-0.457342,-0.482981,-0.507743,-0.531679,-0.554832,-0.577243,-0.598950,-0.619987,-0.640387
5.449860,5.393291,4.944955,4.414801,4.169895,3.719535,3.967473,3.887270,3.355229,3.463502,3.398133,3.413773,3.411845,2.882804,3.011713,3.219743,3.049683,2.976689,2.786469,2.707692,3.008190,2.842551,2.477069,2.700078,2.626304,2.732655,2.684373,2.107803,2.523881,2.616378,2.441427,2.458462,2.180757,2.305170,2.534346,2.265932,2.105355,2.268241,2.185683,2.340944
6.163578,5.667796,4.943187,4.517355,4.027104,3.878252,3.961512,3.853507,3.540608,3.322237,3.428336,3.485197,3.330525,3.026637,3.014113,3.167406,3.149903,2.934171,2.718730,2.842219,2.957981,2.863700,2.605965,2.552751,2.717209,2.758906,2.598236,2.361155,2.458457,2.599142,2.557056,2.348825,2.220685,2.385217,2.469252,2.351895,2.131765,2.154770,2.309257,2.320268
6.025330,5.598214,4.887912,4.485288,4.059069,3.815553,3.941401,3.851480,3.443365,3.396137,3.377312,3.447091,3.345980,2.937155,3.031957,3.145537,3.109013,2.927192,2.721798,2.797592,2.941583,2.850892,2.526571,2.607670,2.663259,2.723500,2.623968,2.235041,2.487724,2.569657,2.503437,2.378585,2.165007,2.360046,2.454623,2.316607,2.096916,2.174223,2.257566,2.290678
5.137350,4.556471,2.721988,2.341928,2.057901,1.877526,1.718799,1.586370,1.478851,1.374695,1.289504,1.208717,1.134067,1.069761,1.004822,0.948585,0.894594,0.842388,0.796707,0.749789,0.707786,0.667644,0.627609,0.592358,0.555979,0.522505,0.490881,0.458604,0.430030,0.400649,0.372908,0.347068,0.320245,0.296319,0.271967,0.248393,0.226737,0.204017,0.183524,0.162981
5.453953,4.864304,3.003412,2.853837,2.541243,2.391346,2.243899,2.093939,2.014500,1.890441,1.817549,1.738833,1.653842,1.604928,1.527799,1.477702,1.426387,1.365704,1.330885,1.275992,1.236703,1.200158,1.152655,1.125582,1.084077,1.051072,1.023664,0.984793,0.962372,0.930008,0.901190,0.879844,0.847337,0.827863,0.802202,0.776506,0.759322,0.731881,0.714360,0.693816
5.047257,4.476234,3.007803,2.648887,2.407158,2.221795,2.070657,1.942788,1.831864,1.733875,1.646103,1.566620,1.494001,1.427166,1.365274,1.307657,1.253776,1.203191,1.155534,1.110497,1.067821,1.027283,0.988690,0.951876,0.916696,0.883021,0.850739,0.819749,0.789963,0.761299,0.733686,0.707059,0.681359,0.656533,0.632531,0.609310,0.586828,0.565049,0.543937,0.523461
4.456696,3.889592,2.429132,2.066092,1.823088,1.637146,1.485695,1.357637,1.246590,1.148518,1.060689,0.981164,0.908515,0.841658,0.779751,0.722123,0.668236,0.617646,0.569987,0.524952,0.482278,0.441743,0.403155,0.366348,0.331175,0.297508,0.265235,0.234256,0.204480,0.175827,0.148226,0.121611,0.095924,0.071111,0.047124,0.023917,0.001450,-0.020314,-0.041410,-0.061870
5.020504,5.028406,4.812873,4.448007,3.818972,3.442498,3.697200,3.745302,3.528615,3.005777,2.869493,3.168362,3.245713,3.022600,2.523389,2.462428,2.790633,2.864730,2.626667,2.158918,2.114235,2.461281,2.517869,2.289581,1.859423,1.786578,2.131956,2.181716,2.002118,1.596224,1.446752,1.775929,1.860931,1.751994,1.347306,1.070489,1.390040,1.567979,1.513417,1.109647
5.156253,5.070192,4.828290,4.447266,3.873583,3.510882,3.712541,3.744822,3.524993,3.079044,2.931161,3.183436,3.232655,3.028500,2.607264,2.525065,2.792986,2.847213,2.648047,2.233318,2.167480,2.447430,2.508833,2.317529,1.902270,1.817431,2.112332,2.188896,2.014036,1.600559,1.459670,1.770572,1.874772,1.729871,1.335592,1.098605,1.411882,1.560703,1.464391,1.120518
5.156860,5.071954,4.816564,4.401264,3.723793,3.367713,3.702827,3.745182,3.494826,2.915598,2.800266,3.170260,3.237300,2.997084,2.436488,2.392278,2.782138,2.853534,2.613564,2.062018,2.026899,2.440769,2.513227,2.283899,1.735959,1.666367,2.106438,2.189294,1.987888,1.447151,1.291221,1.756774,1.872820,1.715971,1.206374,0.893875,1.378244,1.561012,1.461631,1.023434
4.509718,3.931747,2.435402,2.082828,1.843012,1.658512,1.507844,1.380262,1.269527,1.171670,1.083995,1.004586,0.932025,0.865238,0.803385,0.745802,0.691951,0.641391,0.593758,0.548743,0.506087,0.465568,0.426994,0.390198,0.355035,0.321377,0.289111,0.258138,0.228368,0.199721,0.172124,0.145513,0.119830,0.095020,0.071035,0.047830,0.025366,0.003603,-0.017491,-0.037950
4.226976,3.650272,2.157736,1.803789,1.563562,1.378878,1.228113,1.100473,0.989703,0.891823,0.804134,0.724717,0.652152,0.585363,0.523511,0.465931,0.412084,0.361531,0.313904,0.268898,0.226251,0.185742,0.147178,0.110393,0.075242,0.041597,0.009345,-0.021614,-0.051369,-0.080002,-0.107583,-0.134177,-0.159844,-0.184637,-0.208605,-0.231791,-0.254238,-0.275982,-0.297057,-0.317496
3.827094,3.252528,1.764207,1.407754,1.166768,0.981747,0.830805,0.703064,0.592233,0.494319,0.406612,0.327186,0.254622,0.187841,0.126002,0.068438,0.014612,-0.035917,-0.083517,-0.128495,-0.171110,-0.211585,-0.250113,-0.286860,-0.321971,-0.355574,-0.387782,-0.418696,-0.448405,-0.476989,-0.504520,-0.531064,-0.556678,-0.581417,-0.605329,-0.628459,-0.650847,-0.672532,-0.693547,-0.713924
4.249055,4.262483,3.994574,3.720578,3.310234,2.748116,2.546660,2.790321,2.870549,2.752504,2.430330,1.949760,1.986717,2.282941,2.371492,2.253567,1.913255,1.426389,1.616830,1.933112,2.013703,1.879124,1.498118,0.970846,1.314974,1.645158,1.715722,1.561356,1.128608,0.523515,1.045409,1.388823,1.452157,1.281726,0.798497,0.069887,0.796514,1.154080,1.216152,1.039565
4.959688,4.862484,4.626702,4.235294,3.639222,3.276421,3.508217,3.539658,3.306210,2.829802,2.702280,2.981082,3.023834,2.799612,2.340723,2.304359,2.595523,2.636489,2.408944,1.949003,1.957389,2.258080,2.300182,2.073107,1.606011,1.616431,1.932708,1.987002,1.774070,1.307049,1.260562,1.599629,1.683081,1.505027,1.065307,0.892332,1.247580,1.380396,1.259715,0.885027
4.976063,4.868180,4.612522,4.227682,3.659576,3.314602,3.505750,3.528353,3.300118,2.853387,2.731755,2.979697,3.015988,2.797674,2.366696,2.324084,2.591466,2.630075,2.411978,1.982008,1.969557,2.247918,2.290758,2.077163,1.648001,1.628783,1.916078,1.970150,1.770780,1.348340,1.284388,1.581460,1.658408,1.487212,1.083653,0.931636,1.237183,1.354280,1.229560,0.866366
4.440599,3.945151,2.920903,2.781965,2.712606,2.665238,2.625469,2.587586,2.548912,2.508019,2.464051,2.416430,2.364720,2.308547,2.247561,2.181405,2.109693,2.031990,1.947790,1.856490,1.757359,1.649493,1.531755,1.402693,1.260421,1.102470,0.925608,0.725772,0.498725,0.244081,-0.017515,-0.202347,-0.200550,-0.064198,0.092882,0.227802,0.335399,0.419397,0.484408,0.534334
4.226817,3.649959,2.159760,1.806265,1.566177,1.381558,1.230827,1.103209,0.992452,0.894583,0.806901,0.727488,0.654927,0.588141,0.526292,0.468714,0.414869,0.364317,0.316691,0.271685,0.229039,0.188531,0.149967,0.113183,0.078032,0.044388,0.012136,-0.018823,-0.048579,-0.077211,-0.104792,-0.131387,-0.157054,-0.181847,-0.205814,-0.229001,-0.251447,-0.273191,-0.294267,-0.314706
3.921577,3.345651,1.857464,1.502896,1.262487,1.077727,0.926924,0.799265,0.688487,0.590606,0.502922,0.423511,0.350956,0.284179,0.222341,0.164777,0.110948,0.060414,0.012807,-0.032177,-0.074801,-0.115286,-0.153824,-0.190582,-0.225705,-0.259321,-0.291543,-0.322472,-0.352195,-0.380795,-0.408342,-0.434901,-0.460533,-0.485289,-0.509219,-0.532367,-0.554775,-0.576479,-0.597514,-0.617911
3.513020,2.938922,1.453635,1.096876,0.855808,0.670762,0.519816,0.392084,0.281271,0.183379,0.095700,0.016307,-0.056220,-0.122962,-0.184757,-0.242274,-0.296050,-0.346526,-0.394070,-0.438988,-0.481540,-0.521951,-0.560410,-0.597086,-0.632123,-0.665650,-0.697780,-0.728612,-0.758237,-0.786735,-0.814177,-0.840629,-0.866150,-0.890793,-0.914608,-0.937638,-0.959925,-0.981506,-1.002416,-1.022686
6.037943,6.112540,6.002942,5.611097,4.789636,4.371384,4.809822,4.916321,4.711047,4.046939,3.916851,4.311054,4.368755,4.190305,3.610657,3.558771,3.977388,3.981508,3.753265,3.212534,3.155918,3.668762,3.690227,3.383470,2.808243,2.669818,3.313471,3.429855,3.118845,2.441071,2.173268,2.876560,3.137929,2.935376,2.224746,1.845872,2.374764,2.773835,2.754676,2.196511
6.377621,6.290650,6.046705,5.661826,5.090169,4.729034,4.928861,4.962225,4.742914,4.294438,4.138518,4.397114,4.450545,4.249899,3.822189,3.723346,4.001967,4.063642,3.871555,3.452834,3.362130,3.650138,3.721091,3.539739,3.129894,3.014828,3.308323,3.395080,3.231734,2.834358,2.662585,2.959945,3.074618,2.942240,2.568647,2.304208,2.594665,2.754848,2.672175,2.346023
6.406631,6.294607,6.053159,5.655307,5.039135,4.665655,4.922967,4.968627,4.741589,4.244422,4.089164,4.392954,4.452843,4.245774,3.773249,3.681871,4.003657,4.065271,3.861798,3.399657,3.317932,3.656845,3.727213,3.527191,3.070168,2.956834,3.313513,3.408059,3.223794,2.773149,2.585518,2.954394,3.090760,2.945581,2.517521,2.210151,2.571841,2.765147,2.686520,2.317466
5.516657,4.941601,3.459330,3.104223,2.863650,2.678809,2.527955,2.400257,2.289445,2.191532,2.103816,2.024373,1.951785,1.884974,1.823100,1.765498,1.711629,1.661052,1.613402,1.568372,1.525700,1.485165,1.446575,1.409763,1.374584,1.340910,1.308628,1.277638,1.247851,1.219187,1.191572,1.164944,1.139242,1.114414,1.090410,1.067186,1.044702,1.022920,1.001806,0.981327
5.136329,4.562563,3.083519,2.727021,2.486025,2.300993,2.150035,2.022275,1.911422,1.813482,1.725746,1.646288,1.573689,1.506870,1.444990,1.387383,1.333510,1.282931,1.235279,1.190248,1.147575,1.107040,1.068450,1.031638,0.996459,0.962786,0.930505,0.899517,0.869731,0.841068,0.813455,0.786829,0.761129,0.736302,0.712301,0.689079,0.666598,0.644818,0.623706,0.603230
4.648226,4.077004,2.602866,2.243517,2.001646,1.816217,1.665045,1.537155,1.426218,1.328221,1.240445,1.160959,1.088339,1.021504,0.959613,0.901998,0.848120,0.797538,0.749884,0.704852,0.662180,0.621647,0.583059,0.546251,0.511076,0.477408,0.445132,0.414149,0.384369,0.355713,0.328107,0.301488,0.275795,0.250977,0.226984,0.203771,0.181298,0.159527,0.138424,0.117958
3.947467,3.383080,1.912868,1.544879,1.300296,1.113633,0.961791,0.833499,0.722305,0.624136,0.536243,0.456675,0.384000,0.317128,0.255215,0.197588,0.143707,0.093128,0.045485,0.000467,-0.042185,-0.082695,-0.121256,-0.158034,-0.193176,-0.226809,-0.259047,-0.289990,-0.319727,-0.348339,-0.375899,-0.402470,-0.428113,-0.452880,-0.476820,-0.499979,-0.522396,-0.544110,-0.565154,-0.585561
6.529340,6.262281,5.639863,5.305338,4.844931,4.567460,4.450905,4.467171,4.373035,4.156522,3.918637,3.841749,3.911565,3.896756,3.761707,3.510135,3.388110,3.460897,3.513154,3.440996,3.193151,3.011331,3.033747,3.143555,3.113230,2.901218,2.690275,2.615222,2.748520,2.754306,2.605717,2.397409,2.199834,2.309483,2.358562,2.289946,2.080489,1.767661,1.834398,1.962436
6.948649,6.607214,5.836644,5.407865,4.928209,4.630023,4.565938,4.514140,4.420120,4.248038,3.967742,3.924989,3.969810,3.937899,3.815660,3.584214,3.497370,3.537933,3.549579,3.502994,3.266163,3.153162,3.149420,3.187373,3.175743,2.988079,2.830362,2.763678,2.834353,2.846489,2.726059,2.549344,2.418251,2.486757,2.514819,2.445439,2.282979,2.133477,2.145961,2.193411
7.119412,6.660627,5.822404,5.395043,4.858182,4.595819,4.504577,4.512548,4.353902,4.209328,3.882173,3.870908,3.931632,3.874393,3.812117,3.484364,3.433482,3.458319,3.522585,3.504034,3.138688,3.057718,3.015688,3.190174,3.154227,2.843637,2.737691,2.611577,2.836388,2.756015,2.592952,2.460495,2.230871,2.411592,2.311233,2.363668,2.162258,1.849722,1.900142,1.927230
6.263088,5.771814,4.538590,4.053594,3.738144,3.499984,3.296140,3.101215,2.969796,2.594159,2.369954,2.000817,1.955181,1.963818,2.020766,1.936061,1.942429,1.802069,1.732367,1.534035,1.640697,1.342782,1.411895,1.305785,0.940059,1.309879,1.064618,1.105753,1.008149,1.013258,0.910944,1.005803,0.930916,0.729673,0.787599,0.765025,0.888468,0.756041,0.643654,0.696260
6.471407,5.894211,4.500492,4.466644,3.987298,3.857568,3.711897,3.601046,3.364591,3.283053,3.121188,2.868193,2.828967,2.747012,2.763604,2.582576,2.490543,2.640549,2.473699,2.421807,2.377573,2.334395,2.379816,2.293748,2.252839,2.139543,2.130424,2.135269,2.063106,2.051545,2.075656,2.020108,1.962515,1.946092,1.934734,1.919085,1.884140,1.860220,1.852394,1.829576
6.110887,5.648460,4.860879,4.594608,4.088732,3.840684,3.887573,3.576331,3.393399,3.166879,3.022330,2.905077,2.564120,2.618887,2.500697,2.370862,2.271716,2.199897,2.208731,2.186254,2.218904,2.121095,2.031690,1.957518,1.934824,1.925240,1.892994,1.838463,1.769637,1.773364,1.755491,1.746988,1.727662,1.639465,1.658958,1.656420,1.604660,1.575998,1.556881,1.537933
5.331630,5.158368,4.923098,4.623546,4.175037,3.921207,3.795001,3.619432,3.332215,2.987259,2.768173,2.603147,2.363719,2.135764,2.008219,1.710196,1.763383,1.686701,1.577711,1.708848,1.707064,1.564089,1.509629,1.435497,1.501250,1.251130,1.227054,1.410155,1.285770,1.158905,1.303490,1.123365,1.075475,1.118572,1.062964,1.055104,1.047746,1.015574,0.962855,0.940792
5.053849,4.984596,4.759215,4.481353,4.013543,3.741402,3.635616,3.336626,2.976231,2.352333,2.373249,2.351544,2.197736,1.869896,1.466985,1.450666,1.535399,1.505473,1.385138,1.086771,1.184096,1.168221,1.089605,0.685749,0.670289,0.769012,0.709593,0.584334,0.387945,0.512073,0.304129,0.103213,0.414871,0.395775,0.220028,0.168808,0.079916,0.102332,0.074221,-0.084405
4.591930,4.403425,4.111274,3.892268,3.667558,3.350783,3.042031,2.447105,2.254053,1.993592,1.812113,1.710638,1.700357,1.296281,0.984949,1.145365,1.211745,1.090371,0.953206,0.781829,0.826922,0.830923,0.760244,0.345306,0.255559,0.347148,0.150617,-0.072131,-0.032227,-0.145337,-0.603879,-0.761829,-0.951616,-0.886522,-0.914003,-1.316979,-1.391933,-1.162508,-1.113722,-1.202976
4.296119,3.705186,1.989725,2.063874,2.343421,2.411630,2.262530,1.864244,1.297963,1.491188,1.705555,1.626284,1.289399,0.948416,1.084172,1.152893,0.985291,0.763085,0.847324,0.945886,0.828929,0.487031,0.291522,0.501326,0.558924,0.360307,-0.069978,-0.252910,-0.057442,-0.035525,-0.157924,-0.237460,-0.230956,-0.272089,-0.360152,-0.380524,-0.348365,-0.369397,-0.444010,-0.480975
4.802603,4.216378,2.658758,2.312758,2.074831,1.891166,1.740947,1.613633,1.503073,1.405336,1.317747,1.238400,1.165886,1.099134,1.037308,0.979747,0.925912,0.875365,0.827741,0.782734,0.740083,0.699568,0.660996,0.624200,0.589037,0.555378,0.523111,0.492135,0.462362,0.433711,0.406110,0.379494,0.353805,0.328989,0.304998,0.281787,0.259316,0.237546,0.216444,0.195978
